mkdir wavtopcm
cd wavtopcm


python3 -m venv env

source env/bin/activate


pip install soundfile

pip install samplerate

pip install ipython

pip install nbformat

pip install matplotlib

cp /home/devel/Ultibo_Projects/sd-card/md2/q2mdl-droideka/droideka/pain50_1.wav wavtopcm/sample.wav

ipython3 Raspberry\ Pi\ Pico\ PWM\ Wave\ File\ Converter.ipynb

[ 0.00039652 -0.00101176  0.00091903 ... -0.0023242  -0.00139625
 -0.00036466]
length 19976
max value 1.0675749
min value -1.102041
value range 2.1696157
/*    File sample.wav
 *    Sample rate 11000 Hz
 */
#define WAV_DATA_LENGTH 19976 

uint8_t WAV_DATA[] = {
    129,129,129,130,129,129,129,129,129,129,129,129,130,129,130,129,
    130,130,130,130,129,130,130,129,129,129,129,129,129,130,129,130,
    130,130,130,129,129,130,129,130,130,129,129,129,130,129,130,129,
    129,129,130,129,129,129,129,129,130,129,129,130,129,129,130,129,
    129,129,129,129,130,130,129,130,129,129,130,130,129,129,129,129,
    129,129,129,129,129,129,130,129,129,129,129,130,129,129,130,129,
    129,129,130,130,129,129,130,129,129,129,129,129,129,130,129,129,
    129,129,130,130,129,129,129,129,130,129,129,129,130,130,129,130,
    130,129,129,129,129,129,129,129,129,129,129,129,130,130,130,130,
    130,129,129,129,129,129,129,129,129,129,130,129,129,130,129,129,
    129,130,129,129,129,129,129,130,129,130,129,129,130,129,129,130,
    130,130,130,130,129,129,130,129,129,129,130,129,129,130,130,130,
    129,129,129,129,129,129,129,130,130,129,130,129,129,130,130,130,
    129,129,130,130,130,130,129,129,129,130,130,130,130,130,129,129,
    129,129,130,130,130,129,129,130,130,130,129,129,129,129,129,129,
    130,129,129,129,129,130,129,130,129,130,129,130,130,129,129,130,
    129,129,129,129,129,129,129,130,129,129,129,129,129,129,129,129,
    129,129,129,130,129,129,130,129,129,129,130,130,130,129,130,130,
    130,129,129,129,129,129,129,129,130,130,129,129,130,129,129,129,
    129,129,130,129,129,130,129,129,130,130,129,129,129,129,129,129,
    130,129,130,130,130,129,129,129,129,129,129,130,129,129,129,129,
    130,129,129,129,129,129,130,129,129,129,129,129,129,129,129,129,
    129,130,129,130,130,129,129,130,130,129,130,129,129,129,130,129,
    129,129,129,129,129,130,129,130,130,129,130,130,129,130,130,129,
    129,129,130,130,130,130,130,130,130,129,129,130,129,130,129,129,
    130,129,129,129,129,129,129,129,129,129,129,130,130,129,130,129,
    129,129,129,129,129,129,129,130,129,129,130,129,130,129,129,129,
    129,129,130,130,129,129,129,129,129,129,129,130,130,129,129,129,
    129,129,129,130,130,129,129,130,129,129,130,129,129,129,129,129,
    130,129,130,129,129,129,129,130,129,130,129,129,129,129,130,130,
    130,129,130,130,129,129,129,129,129,130,129,129,129,129,129,130,
    129,129,129,129,130,129,129,129,130,129,129,130,129,129,130,129,
    129,129,129,129,130,129,129,129,130,129,129,129,129,129,129,129,
    130,129,129,130,130,130,129,130,129,129,130,130,129,130,130,129,
    130,129,129,129,129,130,129,129,129,129,129,129,130,129,129,130,
    129,129,130,129,130,129,129,130,130,129,130,130,130,130,130,130,
    130,130,130,129,129,130,129,129,130,129,129,130,129,129,130,129,
    129,130,129,129,129,129,129,129,129,129,129,129,129,129,130,129,
    129,129,129,129,129,129,130,129,130,129,129,130,130,129,129,129,
    130,130,129,129,129,129,129,130,129,129,130,129,130,130,129,129,
    130,129,130,130,129,130,130,129,129,129,130,130,130,129,130,129,
    130,130,129,130,129,129,130,129,129,129,129,130,130,129,129,130,
    129,129,130,129,130,129,129,129,129,129,130,129,129,129,130,129,
    130,130,129,129,129,130,129,129,129,129,129,129,129,130,129,129,
    129,129,129,130,130,129,130,129,129,129,130,129,129,129,130,130,
    130,129,130,130,129,129,129,129,129,129,130,130,129,130,129,129,
    130,130,129,129,129,130,130,130,129,129,129,129,130,130,129,129,
    129,129,129,129,129,130,129,129,129,129,130,129,129,129,130,130,
    129,129,129,129,129,129,129,129,129,129,129,129,129,130,130,130,
    129,129,129,129,130,129,130,129,129,129,129,129,129,129,130,130,
    129,130,130,130,130,129,130,130,129,130,129,129,129,129,129,130,
    129,129,130,129,130,129,129,129,129,130,129,129,130,130,129,129,
    129,129,130,129,129,130,129,129,129,130,130,129,130,129,130,130,
    129,129,129,129,129,129,129,129,129,129,129,130,129,130,130,129,
    129,130,130,129,130,130,129,130,129,129,129,129,130,130,129,130,
    130,129,130,130,129,130,129,129,130,129,129,129,129,129,130,129,
    129,130,129,130,130,129,130,130,129,129,130,129,128,130,130,129,
    130,129,130,130,129,130,130,129,129,130,130,129,130,129,129,129,
    130,129,129,131,129,129,130,130,130,130,129,130,129,130,129,129,
    130,129,129,130,129,129,130,129,130,130,129,129,129,130,130,129,
    130,130,129,130,129,129,130,129,129,129,129,129,129,130,130,129,
    129,129,130,129,130,129,129,130,129,130,130,129,129,130,129,129,
    130,129,129,130,129,130,130,129,129,130,129,129,129,129,129,129,
    129,129,129,129,130,129,130,129,129,130,129,129,130,129,129,130,
    129,129,130,129,129,130,129,129,130,129,130,129,128,130,130,129,
    129,129,130,129,129,129,130,129,130,129,129,130,128,130,130,129,
    129,129,131,129,129,130,130,129,129,129,130,130,129,130,130,129,
    130,130,129,129,129,129,130,129,129,130,129,129,130,129,130,130,
    129,129,130,129,129,129,130,130,129,129,130,129,128,129,130,130,
    129,129,130,129,128,130,130,129,129,129,129,129,129,130,130,130,
    129,129,130,130,129,129,130,129,130,129,130,130,129,129,130,130,
    129,130,130,129,129,129,129,130,129,129,130,129,130,129,130,130,
    129,129,130,130,129,129,130,129,128,129,130,130,129,130,130,130,
    129,129,131,129,129,129,130,130,130,129,130,130,129,129,130,129,
    129,129,129,130,129,129,129,130,129,129,129,129,130,129,129,130,
    129,130,129,129,129,129,130,130,129,129,129,129,129,130,129,130,
    129,129,130,129,129,129,129,129,129,129,129,130,129,129,129,129,
    129,129,129,130,129,129,129,129,130,129,129,130,129,129,130,129,
    129,129,129,129,129,129,130,129,129,129,129,130,130,129,130,130,
    128,130,129,129,130,129,129,130,130,129,129,129,130,130,129,130,
    130,129,130,129,129,130,129,130,130,129,129,130,129,129,130,129,
    129,129,129,130,130,129,130,129,129,129,129,130,129,129,130,130,
    129,129,129,129,130,129,130,130,129,129,129,129,129,130,129,130,
    129,129,130,129,129,129,130,129,129,130,129,129,129,130,129,129,
    129,129,129,129,129,129,129,129,129,130,130,129,130,130,129,129,
    129,129,129,130,129,130,129,129,130,129,129,129,129,130,129,129,
    129,129,129,129,130,129,130,130,129,130,129,130,130,129,129,130,
    129,130,130,130,130,130,129,130,130,129,129,130,130,129,130,129,
    130,130,130,130,129,129,130,129,129,129,129,129,130,129,130,130,
    129,129,129,130,130,130,129,129,130,129,130,130,129,129,130,130,
    129,129,129,129,130,129,130,129,129,129,130,129,129,130,129,129,
    129,129,130,130,129,130,130,129,130,130,129,130,129,129,129,129,
    130,129,129,130,129,129,129,129,129,129,129,129,129,129,129,129,
    129,130,129,129,130,129,129,129,129,130,129,130,130,129,130,129,
    129,130,129,129,130,130,129,129,129,130,129,129,129,129,129,129,
    129,129,129,129,130,130,129,129,130,130,129,130,129,129,130,130,
    129,129,129,129,129,129,130,129,129,129,130,129,129,130,129,130,
    129,130,130,129,129,130,129,129,129,129,130,130,129,130,129,129,
    129,129,130,130,129,129,130,130,129,129,130,130,129,130,129,129,
    129,129,129,129,129,129,130,129,129,129,129,130,129,129,130,130,
    129,130,129,129,130,129,130,129,129,129,129,129,130,130,130,130,
    129,130,129,129,129,129,130,130,129,129,130,129,129,129,129,129,
    129,130,130,129,129,129,129,129,129,129,129,129,129,129,129,129,
    130,129,129,129,129,129,130,129,129,130,129,129,129,130,129,130,
    130,130,129,129,130,129,130,130,130,129,130,129,129,129,129,129,
    130,130,130,130,129,130,130,130,130,129,130,130,129,129,129,129,
    130,130,130,130,130,130,130,129,129,129,129,130,129,129,129,129,
    129,129,129,129,130,129,130,129,129,129,129,129,129,130,129,129,
    129,129,129,130,129,129,129,129,129,129,129,129,129,129,129,129,
    130,129,129,129,129,129,130,129,129,130,129,129,129,130,129,129,
    130,129,129,129,130,129,129,130,130,129,129,129,130,129,130,129,
    130,130,129,130,130,129,129,129,130,129,129,129,130,129,129,129,
    130,130,129,129,129,130,129,129,129,130,129,129,130,129,129,129,
    129,130,129,129,130,130,129,130,129,129,130,129,130,130,129,130,
    129,129,130,129,129,130,129,129,129,130,130,129,129,130,129,129,
    129,129,130,129,129,130,129,129,130,129,129,130,130,129,130,130,
    130,129,129,130,130,129,129,129,130,130,129,130,129,129,130,129,
    129,130,130,129,129,130,129,130,129,129,130,129,129,129,130,129,
    129,130,129,129,129,129,129,129,129,130,129,129,129,130,129,129,
    129,130,129,129,129,129,130,129,129,129,129,129,129,129,130,129,
    129,129,129,130,130,129,129,129,129,130,130,129,130,129,129,130,
    129,129,130,129,130,129,130,130,130,129,129,129,129,130,129,129,
    129,129,130,130,130,129,129,129,129,129,129,129,129,130,129,129,
    129,129,130,130,129,129,130,129,129,129,130,130,129,130,130,129,
    129,129,129,129,130,130,129,129,129,130,129,129,130,129,129,129,
    130,130,129,130,129,129,130,129,130,129,129,130,129,129,129,130,
    129,129,130,129,129,129,129,130,130,129,129,130,129,129,129,129,
    129,130,129,130,130,130,129,129,129,130,129,129,129,129,129,130,
    130,129,130,129,130,130,129,129,130,129,129,129,129,129,129,130,
    130,129,129,129,129,130,129,129,129,129,130,129,129,129,130,129,
    129,129,129,129,130,130,129,129,130,130,129,129,129,129,130,129,
    129,130,129,129,130,129,129,130,129,130,130,129,129,129,130,129,
    129,129,129,130,129,129,130,129,129,129,130,130,129,129,130,129,
    130,129,130,129,129,130,130,129,129,130,130,129,129,129,129,129,
    129,129,129,129,129,129,129,129,129,129,129,129,129,130,129,129,
    130,129,130,129,129,129,130,129,130,130,129,129,129,129,130,129,
    129,129,129,130,130,129,129,129,129,130,129,129,130,130,129,130,
    130,129,130,129,129,130,129,129,129,129,129,130,129,129,130,130,
    129,130,130,129,129,129,129,129,129,130,129,129,129,130,130,129,
    129,130,129,129,130,129,129,129,129,130,130,129,129,130,129,129,
    130,129,129,129,130,130,129,129,130,130,129,129,129,130,129,129,
    129,130,129,129,129,129,129,129,130,129,129,129,130,130,130,130,
    130,129,130,129,129,129,130,129,129,129,130,129,129,130,130,129,
    129,130,130,130,129,129,130,130,129,130,129,129,129,129,130,130,
    128,130,130,129,130,130,130,129,129,129,129,129,129,129,130,129,
    129,129,129,129,130,129,129,129,129,129,130,130,129,130,129,129,
    130,129,129,130,129,129,129,129,130,130,130,130,130,129,130,130,
    130,130,129,129,129,130,130,129,129,129,130,130,129,129,130,130,
    129,129,129,130,129,129,130,130,129,129,130,130,129,130,130,129,
    129,129,130,129,129,130,130,129,129,130,129,130,129,129,130,129,
    129,130,130,129,130,130,129,130,130,129,129,130,129,129,129,130,
    129,129,129,129,129,130,130,129,129,129,129,130,129,129,130,129,
    130,129,130,129,129,129,129,129,129,130,129,129,130,129,129,130,
    130,129,130,130,129,129,130,130,130,130,129,130,129,129,130,130,
    130,129,130,130,130,129,129,130,129,130,130,129,129,129,130,129,
    129,130,129,130,129,129,130,129,129,129,130,129,129,130,129,129,
    130,130,130,130,129,130,129,130,130,129,129,130,129,129,129,129,
    130,130,129,129,130,129,129,130,129,129,130,129,130,129,129,130,
    130,129,129,129,129,129,130,130,130,129,130,130,130,130,129,129,
    130,129,129,129,129,130,129,129,129,130,129,129,129,129,129,129,
    129,129,130,130,129,130,130,129,130,130,129,129,130,129,130,130,
    129,130,129,129,129,129,129,129,129,129,129,129,129,129,129,130,
    129,129,130,129,129,130,129,129,130,130,130,129,129,130,129,129,
    129,129,129,130,130,130,130,129,130,130,129,129,130,129,129,129,
    129,130,129,129,130,129,129,130,129,129,130,129,129,129,129,129,
    129,129,129,130,129,129,131,130,129,130,130,129,130,129,129,129,
    129,129,129,129,129,130,130,129,129,130,130,130,129,129,129,129,
    129,129,129,129,129,129,130,129,130,130,130,129,129,130,130,129,
    129,129,128,129,129,129,129,130,130,130,129,129,129,129,129,129,
    128,128,128,128,128,128,128,128,128,128,129,129,129,129,129,129,
    129,130,129,130,130,130,130,130,130,130,131,130,131,131,130,131,
    131,130,131,130,130,130,130,130,130,131,131,131,130,131,131,131,
    131,132,131,131,131,131,131,131,131,131,130,131,130,130,131,130,
    129,130,130,129,130,130,129,129,130,129,129,129,129,129,129,129,
    129,129,129,129,130,129,129,129,129,129,129,129,129,129,129,128,
    130,129,128,129,129,129,128,128,129,129,129,129,129,129,128,129,
    129,130,129,129,129,129,129,128,129,129,129,129,129,129,129,129,
    129,129,129,129,129,129,129,129,129,129,129,129,129,129,129,129,
    129,129,129,129,129,129,129,129,129,129,129,129,129,129,129,130,
    129,129,129,129,129,129,129,129,129,129,129,129,129,129,129,130,
    129,129,129,129,130,129,130,129,129,129,129,130,129,129,129,130,
    129,129,130,130,129,130,129,130,129,129,130,129,130,129,129,129,
    129,130,130,129,129,129,130,129,129,129,129,130,129,130,129,130,
    129,130,130,129,130,129,129,130,130,129,129,130,130,130,129,129,
    130,130,129,130,130,130,130,130,129,130,130,129,130,129,129,130,
    130,130,130,130,130,130,130,130,129,130,129,130,130,129,129,129,
    129,129,129,129,130,130,129,129,130,129,130,130,130,130,130,129,
    129,129,129,130,129,130,130,129,130,130,129,129,130,129,130,129,
    130,130,129,129,129,130,130,130,129,129,129,130,130,129,129,130,
    129,130,129,129,129,130,129,129,129,130,130,129,130,130,129,129,
    129,130,130,129,129,129,130,129,130,129,129,130,129,129,130,129,
    129,130,129,129,130,129,130,130,130,129,130,130,129,129,130,130,
    130,129,129,130,129,129,130,130,130,129,129,130,129,129,129,129,
    129,129,129,130,129,129,129,129,130,129,129,129,129,129,129,130,
    130,130,129,129,130,130,130,129,129,129,129,129,129,129,130,129,
    129,130,130,130,129,129,129,129,129,130,129,130,130,129,130,130,
    129,130,130,130,129,130,129,130,129,129,129,129,129,129,129,129,
    129,129,129,129,129,129,129,129,129,129,129,129,129,129,129,129,
    129,129,129,130,129,129,130,129,129,130,129,129,130,129,129,130,
    129,129,130,130,129,129,129,129,129,129,129,130,130,129,129,130,
    130,130,129,129,129,129,128,129,129,128,128,128,128,128,127,128,
    128,128,127,128,129,129,128,128,130,130,130,130,130,130,130,130,
    131,131,130,130,130,131,130,130,130,130,131,130,129,129,130,130,
    130,130,130,131,131,130,131,131,131,131,131,131,131,131,131,131,
    131,131,130,130,131,130,130,130,129,130,130,129,130,130,129,128,
    129,130,129,129,129,129,130,129,130,130,129,129,130,129,129,128,
    129,130,129,129,130,128,129,129,129,130,129,129,129,129,129,129,
    129,128,129,130,129,128,129,129,129,129,129,130,130,129,130,129,
    128,129,129,129,129,128,128,129,130,128,129,129,129,128,128,129,
    129,129,129,130,130,129,129,131,130,129,130,130,130,130,130,129,
    130,129,129,129,129,128,128,128,127,129,128,127,129,128,129,129,
    129,130,129,129,130,131,130,130,130,130,130,130,130,130,129,129,
    130,130,129,129,130,130,129,129,130,129,128,129,128,129,129,128,
    129,129,129,129,130,130,130,130,130,131,130,130,130,130,129,129,
    129,128,128,128,128,128,127,126,127,127,127,127,126,128,127,127,
    129,130,130,130,131,131,132,132,132,132,133,132,133,133,132,131,
    132,131,131,132,130,130,130,130,130,130,129,130,131,131,129,130,
    130,130,130,130,130,131,131,130,130,130,130,131,130,130,130,131,
    131,130,130,130,130,130,129,129,130,129,129,129,129,129,129,129,
    129,130,129,129,129,129,130,130,130,129,129,129,129,129,129,130,
    129,129,128,129,130,129,129,129,130,129,128,128,129,129,128,128,
    129,128,129,129,129,129,129,129,129,129,129,129,129,129,129,129,
    129,129,129,129,129,129,129,129,128,129,128,128,129,128,128,128,
    128,128,127,128,127,128,128,128,128,128,128,129,130,129,129,129,
    130,130,130,130,130,131,130,130,131,130,131,131,130,130,130,131,
    130,130,130,130,130,130,130,130,129,129,130,130,130,129,129,130,
    129,130,129,129,130,129,130,130,129,129,130,128,128,129,128,129,
    129,128,129,130,130,130,130,131,130,129,130,131,129,128,130,129,
    127,129,130,129,128,129,130,130,129,131,130,129,130,129,129,129,
    128,130,130,128,129,130,129,129,131,129,130,131,130,129,129,130,
    129,129,129,130,130,129,129,130,130,130,130,130,130,129,129,129,
    129,129,129,129,129,130,130,129,130,130,128,130,131,129,129,130,
    129,128,129,128,130,130,129,130,131,130,130,131,131,130,130,130,
    129,129,129,129,129,129,129,129,130,130,130,130,130,131,131,130,
    131,130,129,129,129,128,128,129,128,129,129,129,129,130,130,130,
    130,129,129,129,129,129,128,128,129,129,129,130,130,129,130,130,
    130,130,130,129,129,129,129,129,128,130,130,129,130,131,130,130,
    130,130,128,128,128,129,128,128,129,129,129,129,130,130,130,130,
    130,129,130,128,129,130,129,129,130,129,130,129,130,130,129,129,
    129,129,129,128,129,129,128,129,130,130,129,131,130,131,130,130,
    130,130,129,129,129,128,129,129,130,130,130,130,130,130,130,129,
    129,130,129,129,128,128,129,129,130,129,130,129,131,130,129,130,
    130,129,130,129,129,130,129,131,131,130,131,131,130,131,130,130,
    129,128,129,127,128,128,128,129,130,129,130,130,130,130,131,130,
    130,129,130,129,129,129,130,129,129,130,130,129,129,129,129,128,
    129,128,127,128,128,128,128,128,129,129,129,129,130,130,128,130,
    131,129,129,131,130,130,131,130,130,130,130,130,130,129,129,130,
    129,128,129,130,128,128,129,129,128,128,129,129,128,130,130,130,
    130,130,131,130,130,131,131,131,131,132,131,131,132,130,130,130,
    130,129,129,129,129,128,128,129,128,127,127,128,128,128,127,129,
    128,127,130,129,129,130,131,130,131,131,132,132,131,132,132,131,
    132,131,131,130,129,131,129,129,128,128,127,127,127,126,126,126,
    126,127,126,128,129,128,128,129,131,131,130,132,133,132,133,134,
    133,132,132,133,132,131,131,131,130,128,128,129,127,126,127,126,
    125,125,125,126,124,126,126,125,126,128,128,128,130,130,131,132,
    132,133,133,134,134,134,134,134,133,132,132,131,131,130,129,128,
    128,126,126,125,125,124,124,125,124,125,125,126,127,127,128,130,
    130,131,133,133,133,134,134,133,134,133,133,132,132,131,131,131,
    129,129,129,130,126,128,127,126,126,126,127,125,127,127,127,128,
    128,128,128,129,131,131,130,131,135,131,132,134,132,133,134,133,
    131,135,129,131,131,131,128,128,128,128,128,125,127,124,129,121,
    132,122,127,129,127,127,128,133,125,136,126,134,132,132,133,137,
    130,136,132,135,132,130,133,126,134,125,132,121,135,122,127,126,
    128,124,126,126,127,128,123,129,127,135,119,137,127,136,126,135,
    135,131,138,128,143,130,133,139,127,133,130,129,127,122,132,113,
    127,118,112,125,111,120,118,118,122,118,133,121,135,135,137,148,
    138,150,148,149,153,152,146,148,137,142,126,128,126,120,125,118,
    118,129,110,123,132,112,118,138,109,121,143,102,141,130,125,129,
    151,116,138,150,116,151,125,132,136,117,125,128,122,117,126,127,
    117,128,130,121,132,134,120,151,122,129,156,125,133,151,138,129,
    150,132,131,141,124,124,139,116,117,137,101,116,119,98,113,113,
    96,122,124,100,122,152,100,134,160,124,158,146,152,164,152,161,
    168,145,156,143,127,122,126,120,128,93,134,147,106,125,137,128,
    122,125,112,139,128,89,132,153,79,127,134,120,103,137,137,97,
    147,141,107,131,151,114,130,140,136,135,131,137,153,133,127,155,
    151,128,145,142,128,144,122,114,151,128,89,131,131,91,84,132,
    107,84,119,116,104,122,118,110,150,136,135,163,158,141,163,180,
    167,151,169,179,128,111,135,149,100,85,154,140,92,138,152,118,
    111,133,129,117,125,119,114,112,124,116,102,107,133,121,97,132,
    132,110,135,134,123,150,136,128,142,145,139,134,150,149,139,139,
    146,151,132,126,136,130,128,120,120,115,113,109,97,93,111,110,
    86,117,127,100,115,130,128,131,150,174,153,143,170,178,164,169,
    182,167,136,128,127,121,112,106,106,123,129,133,135,117,125,144,
    134,99,133,150,106,98,143,126,96,109,129,124,99,119,126,126,
    107,132,138,130,125,139,155,126,134,155,138,135,152,153,136,133,
    159,137,115,125,156,128,93,125,137,102,93,84,126,114,67,114,
    125,99,98,122,137,126,127,166,172,152,150,179,182,171,163,181,
    158,122,113,127,124,101,90,119,153,127,113,129,140,135,129,113,
    138,143,105,115,131,115,119,105,114,110,130,111,112,115,118,139,
    119,129,138,141,139,143,135,150,151,150,132,148,158,147,131,137,
    138,135,126,131,120,110,119,118,105,83,94,127,105,66,127,128,
    100,95,134,143,131,145,159,169,165,155,168,182,172,164,158,137,
    116,126,118,112,101,106,139,142,120,119,139,135,111,148,138,102,
    125,130,136,102,105,133,119,108,105,127,118,110,135,109,117,147,
    138,117,137,169,121,131,169,151,121,142,171,147,108,140,168,116,
    112,129,139,129,101,92,126,120,91,100,107,106,116,122,101,112,
    129,136,128,136,147,167,165,154,147,165,187,174,138,132,146,122,
    111,112,106,109,134,128,119,118,162,135,99,131,159,130,111,120,
    139,150,91,101,148,127,98,116,130,109,115,126,113,136,112,123,
    159,118,117,161,153,119,135,172,141,131,149,142,146,137,117,140,
    132,121,121,119,122,99,99,117,116,87,113,112,105,120,121,114,
    134,136,132,152,159,162,159,156,161,172,174,151,127,133,141,117,
    90,110,127,134,102,113,153,154,100,111,170,129,114,131,145,134,
    107,127,144,114,109,119,132,125,99,117,134,123,111,125,131,127,
    136,128,137,142,128,140,148,137,144,144,131,140,140,136,133,116,
    128,139,122,104,119,127,102,97,122,113,100,110,126,127,109,105,
    136,160,135,123,144,176,171,138,144,176,177,137,129,146,137,107,
    106,123,119,107,115,155,123,114,132,148,135,112,126,151,138,108,
    123,151,126,103,128,141,118,93,130,129,118,104,125,133,125,120,
    134,137,130,134,142,143,131,142,143,142,134,142,135,129,133,146,
    119,111,135,124,112,121,111,111,101,122,122,112,105,118,145,112,
    120,132,145,136,132,144,165,157,144,148,164,167,147,125,132,138,
    120,112,117,113,114,136,138,124,118,137,143,132,111,138,140,133,
    116,125,138,130,118,120,133,119,128,106,118,128,127,121,116,122,
    138,130,119,142,142,135,128,137,148,139,127,141,146,131,130,130,
    133,128,123,123,131,125,98,119,122,102,116,122,107,111,126,128,
    120,128,118,141,150,126,133,167,171,131,138,166,175,140,118,136,
    151,112,102,124,140,105,130,131,123,135,119,151,133,108,121,153,
    135,115,119,138,131,111,119,139,107,118,139,113,126,122,127,127,
    124,125,141,131,122,151,136,126,151,141,138,134,136,154,137,120,
    119,154,135,97,122,139,114,100,115,122,105,98,130,122,97,116,
    147,125,99,129,175,134,116,155,183,155,122,158,189,152,107,143,
    159,112,93,137,139,104,106,142,147,121,100,149,136,116,133,136,
    110,129,148,116,111,124,145,122,100,106,176,118,64,148,181,83,
    90,170,143,114,114,153,147,131,119,145,165,130,119,141,159,121,
    116,144,116,130,134,95,130,124,112,90,133,119,96,132,101,131,
    128,110,127,138,141,146,129,155,167,143,145,166,167,131,127,151,
    142,86,109,163,116,73,144,170,103,116,158,126,130,145,118,129,
    152,105,138,142,90,141,128,106,104,167,79,122,153,97,111,153,
    118,112,165,108,150,124,143,134,150,139,142,138,142,145,129,132,
    131,138,129,75,164,126,72,116,150,95,69,170,99,102,118,130,
    125,130,106,162,132,144,155,136,167,156,154,152,157,147,143,117,
    135,124,110,123,125,109,132,135,109,134,137,126,116,141,146,92,
    154,138,104,128,157,114,94,146,147,89,119,159,99,123,128,128,
    124,142,96,171,122,107,165,120,159,101,166,141,120,147,126,137,
    135,109,143,125,99,137,123,100,114,138,102,121,104,158,102,99,
    170,117,106,145,154,119,155,143,136,158,162,122,144,172,111,112,
    153,125,95,143,126,101,150,135,114,144,129,135,144,112,131,165,
    105,129,165,84,146,140,88,137,133,93,118,143,110,93,155,111,
    114,157,97,158,128,133,152,134,155,146,142,152,143,140,143,126,
    135,120,121,110,110,108,103,88,126,85,104,122,103,123,105,152,
    97,160,127,146,170,140,168,166,164,159,160,139,147,116,130,106,
    120,121,92,147,118,128,150,112,152,145,115,152,130,131,152,101,
    158,117,107,133,128,105,123,130,88,135,120,99,155,126,86,176,
    119,102,176,135,107,182,136,132,176,102,168,147,108,146,132,121,
    121,112,103,124,107,78,135,106,84,136,85,142,98,122,139,111,
    160,124,145,163,142,161,163,155,162,160,136,145,133,126,122,106,
    138,113,125,124,130,147,101,142,142,116,126,129,140,136,101,119,
    145,114,142,89,160,81,142,107,125,150,74,170,92,153,126,120,
    158,128,137,136,143,144,133,149,130,128,145,123,117,142,116,122,
    111,127,109,120,101,124,128,101,122,125,120,122,131,121,141,135,
    132,141,154,144,142,155,164,138,163,124,157,134,110,142,122,132,
    116,122,141,127,131,132,134,139,119,150,121,145,114,143,128,125,
    131,117,137,110,141,91,144,82,156,104,123,129,99,153,96,147,
    136,137,133,143,129,156,131,140,139,143,120,155,103,147,103,125,
    119,115,123,74,161,74,136,100,119,117,131,112,138,120,133,147,
    116,161,135,157,144,159,156,150,147,144,139,134,134,114,149,109,
    130,124,143,130,117,155,88,194,64,174,117,123,128,122,148,90,
    154,99,142,107,128,118,140,104,141,114,140,110,142,124,134,127,
    140,143,123,160,115,158,120,158,128,132,132,122,120,133,101,118,
    120,101,113,98,124,108,112,118,117,127,118,120,140,127,139,141,
    136,163,134,156,152,156,149,147,145,141,136,123,136,134,121,122,
    132,136,123,135,140,116,147,99,157,116,132,129,119,142,101,149,
    101,145,109,132,129,111,141,98,157,96,148,123,126,140,113,148,
    119,151,123,140,134,131,134,131,137,113,134,116,129,116,116,131,
    96,132,95,135,116,114,124,129,120,129,127,136,133,136,148,137,
    159,137,164,144,160,138,156,132,143,124,127,129,120,133,124,132,
    136,129,132,141,137,129,127,141,124,138,121,140,115,120,132,119,
    123,118,124,121,120,129,110,145,111,126,137,118,141,119,141,125,
    133,140,129,137,131,133,128,125,137,118,120,115,123,108,113,119,
    110,121,111,123,129,112,134,123,137,135,142,142,142,153,147,161,
    153,160,148,153,138,140,134,125,129,125,125,128,123,130,139,127,
    127,136,122,140,125,125,134,122,125,124,121,130,111,132,116,117,
    134,121,125,128,130,125,137,126,141,137,135,134,143,135,140,126,
    152,118,135,126,132,114,115,113,113,104,106,105,96,117,95,132,
    102,126,114,135,128,137,142,146,155,151,160,171,162,171,157,162,
    150,138,142,129,132,122,124,140,122,132,135,135,128,132,126,125,
    129,125,130,115,129,104,134,106,128,114,122,110,137,117,121,133,
    133,139,122,151,139,145,143,149,150,146,131,148,130,133,122,124,
    117,96,103,95,86,93,80,98,87,89,90,104,103,121,119,136,
    144,132,167,161,187,180,199,185,193,176,175,158,155,143,137,131,
    130,128,128,131,136,137,117,142,102,146,100,129,107,117,112,96,
    114,92,121,96,117,114,116,124,123,136,141,133,158,145,170,140,
    172,152,158,158,140,155,135,130,132,119,104,105,88,99,65,86,
    64,77,71,70,82,89,98,113,126,128,150,149,174,184,193,202,
    201,215,193,189,177,166,147,142,131,131,129,114,140,110,148,110,
    137,122,110,126,114,106,110,112,98,119,92,120,100,115,117,121,
    127,133,133,144,144,140,159,143,166,145,166,157,152,165,146,161,
    138,142,130,130,110,107,97,87,75,64,76,56,69,61,82,85,
    91,108,126,146,149,168,189,192,211,211,217,217,190,196,167,161,
    132,134,116,122,111,115,126,119,123,132,119,122,117,109,123,91,
    124,88,129,77,135,90,119,123,100,146,100,153,116,158,130,167,
    142,171,159,163,167,155,167,148,159,138,143,122,129,97,102,77,
    69,66,43,67,44,54,68,73,110,110,138,156,170,182,205,208,
    231,214,233,210,217,189,165,154,127,119,91,121,75,136,86,146,
    113,118,131,98,136,101,118,94,120,93,105,98,102,104,91,113,
    106,118,123,130,145,150,152,168,169,168,194,166,192,178,173,178,
    163,168,137,138,107,90,74,45,41,40,33,37,36,50,71,76,
    117,135,151,174,198,223,223,222,226,223,225,203,190,163,131,112,
    98,111,99,101,114,148,105,143,132,107,145,101,103,120,93,86,
    96,94,87,81,106,97,110,114,140,127,148,168,155,193,178,189,
    200,193,187,193,180,174,147,126,114,73,47,36,34,33,36,31,
    37,30,57,56,109,133,140,190,205,214,232,217,231,217,231,217,
    214,193,146,128,107,123,66,136,92,142,122,118,147,92,124,116,
    79,127,65,89,106,44,113,61,115,75,108,116,115,133,142,168,
    174,179,184,216,199,207,215,208,200,163,146,130,79,51,31,36,
    31,36,32,35,33,35,48,117,119,149,187,214,228,221,227,221,
    228,220,229,214,193,143,106,120,121,48,149,81,148,123,88,148,
    78,131,63,108,91,76,73,85,65,69,67,84,91,101,109,119,
    155,162,177,190,223,212,218,216,219,216,182,171,160,117,84,46,
    38,33,34,33,34,33,35,34,82,98,121,163,196,228,222,226,
    224,224,225,223,226,219,156,102,124,86,71,93,105,122,123,113,
    107,120,93,97,94,102,76,72,73,64,74,74,81,103,99,100,
    126,140,165,168,200,216,205,212,218,217,215,191,195,170,130,85,
    58,43,33,34,33,34,33,34,36,74,85,117,162,209,227,223,
    225,224,224,225,223,227,197,130,124,106,78,66,81,124,110,106,
    127,116,102,96,113,99,86,88,79,68,76,81,70,90,110,107,
    107,131,153,158,154,179,197,186,176,196,218,206,184,194,194,158,
    108,89,85,44,33,34,34,33,35,32,61,85,85,112,188,227,
    217,224,224,224,225,224,226,215,144,113,120,101,69,66,108,134,
    117,94,115,122,99,96,101,107,90,76,82,75,84,85,86,108,
    116,115,130,149,159,158,165,177,168,161,171,186,192,187,192,197,
    169,147,124,110,76,34,35,39,24,34,33,43,65,65,91,149,
    195,175,208,231,231,230,225,232,228,163,142,161,98,80,99,111,
    111,132,138,112,108,118,115,88,94,107,93,72,74,89,84,80,
    103,88,93,118,128,166,134,137,144,144,119,113,149,144,153,166,
    163,162,147,134,130,96,80,32,15,6,33,35,12,12,56,78,
    31,58,169,177,160,211,217,227,218,234,238,234,163,143,147,133,
    128,119,107,136,167,118,119,116,129,141,103,113,110,91,106,107,
    107,102,95,124,133,140,156,164,187,175,176,206,183,149,174,192,
    231,183,198,234,230,197,198,209,180,194,145,106,91,120,96,105,
    100,102,122,114,138,182,210,193,197,172,205,239,232,207,232,218,
    141,176,147,93,115,169,169,155,180,203,190,164,147,150,159,100,
    103,107,68,46,59,142,76,95,130,97,134,150,157,132,132,122,
    55,56,70,76,57,50,184,102,160,151,144,198,119,126,81,76,
    90,57,65,61,8,15,90,123,46,117,148,104,148,202,172,198,
    208,205,187,211,137,176,161,15,109,110,104,108,120,105,130,161,
    121,121,140,112,101,40,30,43,70,101,28,58,111,65,70,108,
    160,176,114,68,97,129,207,170,135,197,147,206,207,227,208,209,
    245,217,150,120,96,74,85,127,141,66,83,130,148,112,159,204,
    207,134,177,186,184,221,208,211,184,162,168,168,103,34,46,100,
    124,189,216,184,171,198,172,155,177,173,116,146,167,163,150,189,
    201,205,225,193,219,228,197,174,182,175,200,186,151,167,203,160,
    157,172,133,95,153,165,114,86,74,71,19,12,11,14,8,22,
    27,11,9,25,67,104,124,143,160,159,162,187,171,164,148,185,
    190,89,44,8,33,73,80,134,148,109,77,50,53,74,105,80,
    37,115,138,110,117,91,96,116,169,199,216,184,179,192,188,217,
    202,152,166,193,198,192,169,181,199,231,123,75,89,83,33,55,
    121,77,72,76,92,91,181,221,231,197,203,221,218,201,220,221,
    194,203,144,217,147,162,172,186,222,187,186,168,199,171,128,94,
    105,90,72,78,50,66,81,65,77,82,107,88,110,99,85,87,
    87,72,63,61,43,80,72,89,82,106,99,50,61,57,17,9,
    14,9,14,9,14,8,15,6,34,93,102,107,140,137,107,148,
    125,127,114,70,86,58,23,9,45,69,85,87,87,91,81,77,
    108,112,74,81,97,110,73,70,97,86,109,103,99,129,133,137,
    143,144,165,148,142,141,168,191,186,224,222,191,188,192,176,185,
    147,149,123,109,88,98,131,97,149,174,194,206,224,193,172,183,
    175,182,175,183,172,203,249,202,155,160,181,184,200,181,186,193,
    190,168,151,162,142,165,144,120,138,129,148,136,116,148,188,187,
    150,164,164,181,155,135,137,148,171,184,165,181,210,187,202,205,
    178,158,134,98,103,103,88,86,64,46,75,67,101,167,178,200,
    195,166,171,202,210,216,188,134,119,43,8,24,15,47,47,12,
    36,51,59,53,29,48,40,15,14,25,13,16,14,12,20,25,
    39,46,33,46,40,26,32,34,41,34,37,58,59,68,86,78,
    96,73,42,37,29,9,15,9,14,9,14,9,14,15,55,125,
    138,169,181,195,196,221,191,193,173,167,99,21,23,6,23,23,
    61,74,100,108,104,141,159,98,96,124,138,115,126,95,44,101,
    99,64,108,149,127,127,121,109,103,199,164,144,200,188,221,233,
    234,224,242,219,152,141,121,80,69,71,52,68,65,64,83,72,
    72,80,149,149,167,181,139,134,158,97,121,173,169,192,215,159,
    111,153,117,125,122,125,128,117,122,143,161,108,125,199,116,161,
    150,131,188,170,162,173,194,140,181,149,145,192,177,178,206,202,
    196,226,236,216,216,202,191,195,193,190,192,228,225,226,219,197,
    177,180,142,149,145,159,175,159,177,146,175,167,134,139,120,135,
    155,178,214,205,222,205,206,204,178,175,165,175,192,224,242,225,
    232,223,217,216,202,207,175,190,162,155,159,160,150,130,136,130,
    116,103,121,129,117,108,110,75,50,30,46,35,41,48,32,30,
    15,28,31,37,46,34,35,54,62,61,43,44,36,19,26,34,
    37,43,52,54,76,82,85,93,86,89,98,94,79,81,70,72,
    86,91,98,98,97,107,83,77,69,72,70,61,78,80,88,77,
    84,87,92,111,129,138,122,114,78,58,76,81,125,142,155,167,
    190,187,182,198,199,202,200,230,217,201,213,208,212,230,230,237,
    233,233,242,241,240,243,239,237,231,216,202,188,191,197,194,163,
    163,179,197,201,180,186,197,199,218,216,197,198,206,223,214,212,
    191,162,158,169,175,183,190,193,183,183,181,178,205,186,179,177,
    173,168,159,166,170,153,142,157,173,176,173,189,204,204,199,212,
    220,219,213,202,205,213,205,195,207,214,205,205,215,217,208,196,
    197,193,178,160,164,169,164,153,142,168,155,121,126,121,120,113,
    99,93,78,71,59,55,38,38,48,38,49,48,43,44,40,27,
    30,39,35,43,40,35,30,38,35,24,19,14,19,24,37,32,
    34,40,33,28,28,36,32,29,23,21,36,21,19,15,21,32,
    37,37,37,38,46,55,59,61,54,56,50,52,46,51,67,72,
    76,81,74,80,88,87,88,97,115,115,120,120,126,127,127,127,
    124,134,137,151,141,141,154,144,146,143,132,140,136,128,143,136,
    135,143,146,141,136,141,147,141,152,144,136,144,136,127,136,144,
    146,141,130,132,127,141,147,152,143,131,129,128,140,135,149,153,
    136,148,161,164,159,187,207,193,190,189,189,194,199,193,179,184,
    186,173,175,166,179,177,158,170,168,167,163,163,163,159,185,195,
    190,184,183,181,190,188,180,176,185,177,178,176,161,151,173,191,
    170,188,192,189,182,198,196,184,189,194,201,216,208,205,211,203,
    211,212,212,210,212,214,223,216,223,240,245,242,230,221,225,233,
    230,228,228,231,231,231,234,238,222,223,226,232,240,231,236,224,
    217,217,223,211,207,207,204,202,191,186,176,176,185,186,187,189,
    181,185,187,184,181,200,179,153,160,167,154,133,142,145,160,159,
    147,144,154,167,166,166,155,144,141,143,141,132,126,114,113,119,
    125,136,142,134,138,136,108,94,96,84,81,70,55,53,35,37,
    33,36,26,22,42,27,27,32,24,30,36,48,42,48,56,58,
    73,72,69,70,75,76,66,76,69,52,56,37,22,13,38,28,
    23,29,28,64,77,73,64,76,77,81,84,89,92,88,104,112,
    105,104,98,107,127,121,123,131,129,143,152,155,172,176,167,155,
    169,174,174,182,179,178,186,186,192,201,204,195,187,187,177,175,
    162,146,142,131,113,112,116,111,89,74,66,74,90,72,67,58,
    38,35,31,16,22,40,40,50,48,56,69,67,67,48,61,79,
    74,67,71,80,85,84,95,118,116,105,107,107,91,86,80,98,
    106,108,111,120,148,167,183,185,183,179,183,184,182,177,173,178,
    184,207,207,193,194,182,201,216,206,204,199,206,203,192,173,173,
    177,171,191,177,181,161,123,129,148,159,136,125,103,57,53,83,
    112,125,176,218,211,216,228,222,188,195,180,129,123,157,171,145,
    94,100,132,144,151,136,105,114,145,161,154,131,153,120,120,100,
    97,118,114,96,74,97,84,91,108,101,81,73,66,72,95,96,
    76,63,69,47,39,39,57,57,31,51,64,58,25,30,24,22,
    45,49,62,70,69,71,75,61,35,17,52,84,86,109,127,105,
    77,62,85,97,123,151,152,143,137,134,127,149,172,149,133,150,
    144,117,118,149,146,169,167,131,106,98,120,164,150,130,120,119,
    158,131,158,174,182,177,152,161,152,156,165,184,166,168,163,189,
    238,231,220,218,212,215,226,191,167,179,184,146,103,117,142,136,
    150,148,140,158,176,185,198,216,214,174,174,194,178,167,152,163,
    153,143,143,139,131,150,148,160,164,137,137,125,159,156,119,130,
    160,151,137,177,211,211,211,193,163,145,139,116,110,108,116,124,
    130,140,127,141,145,144,169,168,146,161,151,146,156,169,164,154,
    176,182,193,213,218,226,240,240,235,226,234,246,230,204,196,211,
    202,199,219,211,216,225,240,223,214,200,187,201,195,184,157,144,
    142,152,159,167,159,139,145,172,178,192,185,175,187,159,139,117,
    128,152,152,154,165,170,149,128,109,104,98,67,55,57,55,43,
    57,83,73,68,70,49,56,45,25,32,39,61,57,57,33,17,
    23,21,45,49,27,42,57,56,66,67,53,48,49,52,61,69,
    72,64,59,70,77,74,68,76,108,106,102,83,83,100,112,127,
    126,89,80,130,137,136,140,128,111,129,138,114,98,82,48,65,
    89,84,81,49,57,82,60,54,49,48,49,39,56,54,50,61,
    69,71,76,96,91,109,146,150,148,148,167,187,206,204,201,203,
    199,183,166,181,188,207,210,184,162,180,184,167,171,165,149,140,
    130,109,137,161,169,142,90,89,95,92,98,98,91,59,40,72,
    87,84,80,90,104,112,111,93,73,83,103,116,119,119,98,89,
    101,102,128,140,130,127,139,133,140,151,142,149,178,185,163,161,
    171,169,166,169,175,179,160,137,134,138,132,140,131,114,122,119,
    113,135,146,139,112,114,127,112,111,112,108,98,107,91,70,64,
    78,89,91,75,61,57,33,38,53,52,52,48,31,22,22,27,
    29,29,25,29,33,31,15,27,45,44,42,38,44,65,69,63,
    75,91,116,123,120,117,118,118,117,115,117,127,122,113,120,125,
    125,120,114,123,129,130,133,156,164,162,173,187,191,197,198,194,
    201,201,195,191,201,190,188,189,197,194,182,183,173,162,185,188,
    159,149,143,133,127,120,105,105,104,107,87,77,78,91,108,107,
    113,110,102,100,104,105,112,114,132,134,138,137,124,132,149,160,
    153,151,161,156,143,132,144,157,168,197,198,205,184,178,202,185,
    183,169,179,184,176,190,158,144,136,111,83,89,108,118,142,150,
    170,214,180,148,151,146,147,132,142,149,164,171,173,184,192,182,
    176,179,184,210,204,175,164,176,193,201,188,165,158,148,154,148,
    145,151,159,173,188,190,181,209,222,201,234,224,188,239,242,220,
    240,223,169,166,141,135,148,146,171,177,179,183,169,140,124,84,
    78,120,146,186,186,189,208,237,226,213,224,202,205,173,173,155,
    117,113,96,78,57,31,20,11,11,18,41,86,113,122,127,130,
    136,129,108,154,176,209,243,234,230,197,154,151,140,102,72,46,
    32,18,13,11,12,11,12,28,33,30,43,56,58,64,68,100,
    119,99,82,74,82,65,61,77,65,28,12,12,12,20,19,31,
    46,62,81,83,99,131,161,189,205,230,194,172,183,174,183,172,
    197,233,215,199,186,169,160,138,144,147,144,138,105,114,123,115,
    122,130,144,126,101,87,86,93,108,127,112,106,84,65,46,18,
    33,73,69,59,76,92,90,103,104,92,109,114,129,138,157,167,
    193,222,233,236,231,225,184,170,177,188,190,155,164,182,176,171,
    186,199,193,190,189,206,229,232,246,217,167,210,246,219,210,224,
    231,237,228,227,226,211,195,188,180,169,156,151,172,158,154,174,
    179,189,191,193,185,183,195,195,206,213,203,197,193,193,195,181,
    166,157,161,150,146,141,130,122,108,119,114,121,126,120,117,113,
    112,118,131,135,149,147,140,141,140,117,97,85,70,72,73,60,
    49,39,17,12,11,12,11,12,11,17,13,11,22,19,17,17,
    30,41,37,35,55,77,84,87,91,97,102,94,88,96,83,85,
    86,73,84,90,95,99,112,129,123,119,115,125,121,116,137,138,
    132,129,113,116,108,90,80,80,72,56,51,31,22,16,21,26,
    27,33,43,59,60,52,45,66,124,128,122,136,139,132,111,102,
    90,80,40,11,12,12,16,22,41,53,50,68,58,55,76,105,
    120,123,143,164,197,195,189,209,213,177,141,147,144,137,140,154,
    153,148,156,158,185,189,199,204,215,206,211,209,223,212,175,177,
    201,245,208,199,175,155,145,118,105,102,121,112,77,64,103,107,
    68,67,113,164,152,143,155,182,191,185,195,172,96,58,60,67,
    95,98,115,121,132,130,150,171,172,171,165,157,142,129,121,122,
    108,114,119,126,117,114,96,69,78,72,64,59,47,67,84,75,
    76,85,98,80,82,95,105,100,91,108,122,104,120,133,120,79,
    38,42,26,26,23,41,56,42,62,85,71,80,124,168,138,115,
    131,164,163,175,233,236,171,100,84,99,108,106,110,92,84,84,
    106,95,107,135,123,116,115,129,136,164,204,235,236,200,201,208,
    205,180,169,166,154,156,183,201,222,229,173,182,176,181,175,191,
    235,193,174,181,176,181,174,190,189,167,172,146,141,137,140,156,
    184,197,175,173,224,234,195,197,205,189,158,201,220,217,172,142,
    140,106,105,108,121,117,105,92,91,93,120,150,186,191,163,145,
    127,134,160,159,140,141,141,135,114,104,99,71,34,30,35,46,
    50,64,78,69,90,124,147,124,90,94,124,122,146,201,231,184,
    127,124,121,133,133,132,152,158,149,151,139,153,179,190,171,142,
    154,171,164,186,209,207,178,149,164,164,122,100,90,73,65,64,
    102,118,133,136,127,157,180,148,112,127,154,150,161,212,242,212,
    149,115,104,102,99,104,115,119,113,120,115,98,107,128,140,132,
    112,95,118,137,109,115,141,126,69,34,46,43,37,33,38,34,
    28,32,25,22,44,70,91,113,140,158,134,86,65,75,77,74,
    95,125,121,109,110,97,76,47,34,53,36,10,16,25,28,34,
    39,38,71,129,105,41,46,92,105,123,149,171,154,78,75,93,
    103,113,131,137,136,135,119,98,75,80,78,53,47,58,83,108,
    98,84,100,100,58,34,61,98,101,95,93,89,79,80,105,149,
    171,152,88,45,70,121,165,207,223,231,170,73,58,71,68,50,
    45,76,104,91,66,80,112,172,223,216,214,214,199,166,207,182,
    199,195,128,135,114,88,53,62,72,77,58,53,61,88,132,176,
    181,152,141,154,174,162,168,210,236,200,149,140,127,71,41,30,
    35,40,56,65,72,84,92,108,159,224,187,126,133,170,148,157,
    198,212,162,62,76,90,101,110,105,113,127,145,139,135,132,132,
    144,168,168,149,135,140,159,169,173,185,180,164,138,111,98,85,
    74,84,101,117,118,125,124,144,181,198,197,204,187,139,122,137,
    203,200,176,175,213,179,126,119,121,128,136,152,164,184,180,161,
    199,200,174,180,184,244,217,230,201,174,179,209,244,218,201,191,
    196,181,169,153,143,113,104,128,183,208,203,191,209,215,214,206,
    209,234,240,232,201,170,137,102,92,99,76,63,48,52,87,114,
    116,129,139,175,166,82,74,139,165,162,191,222,207,108,106,134,
    145,163,163,154,157,170,176,191,192,207,199,200,218,222,205,180,
    163,153,140,141,145,128,106,92,86,90,91,96,98,82,75,64,
    67,105,134,151,156,157,140,106,100,125,157,180,175,163,149,95,
    82,74,49,31,30,51,45,49,75,86,84,107,160,238,212,128,
    100,134,140,163,211,241,215,104,108,120,123,134,145,147,133,125,
    115,104,98,120,130,120,101,78,58,66,76,85,98,122,104,76,
    56,53,40,15,19,42,42,26,52,86,99,106,122,166,181,132,
    103,114,148,140,170,204,216,163,105,107,88,81,84,100,102,114,
    119,114,107,120,150,174,169,160,164,160,146,150,182,201,167,124,
    118,122,120,125,131,132,133,138,137,126,115,134,170,191,221,224,
    227,227,207,196,221,244,233,237,204,169,217,236,236,205,146,127,
    129,148,154,155,157,154,143,153,201,246,186,100,94,133,121,140,
    189,196,124,44,52,39,33,30,36,38,48,56,78,92,98,118,
    135,166,163,127,120,118,105,102,99,117,113,79,29,10,12,11,
    11,12,11,12,11,19,74,115,107,94,93,149,173,100,30,74,
    138,121,122,154,144,33,5,15,9,14,10,13,10,14,32,58,
    59,58,62,80,101,120,120,124,122,127,123,102,91,91,100,112,
    121,125,131,133,124,115,117,125,120,121,134,152,168,175,199,217,
    214,214,194,166,171,186,208,218,234,183,193,211,197,174,134,128,
    125,134,131,140,145,147,145,165,212,237,177,133,147,186,168,186,
    221,221,154,85,99,95,87,66,59,48,54,72,89,105,146,172,
    166,148,143,134,130,146,172,193,183,162,162,145,128,120,117,128,
    121,120,136,167,192,208,222,246,233,223,229,196,159,199,205,169,
    186,171,193,189,123,125,124,127,138,147,123,96,118,144,153,162,
    216,202,188,132,90,160,175,198,188,178,177,86,82,116,124,133,
    137,157,156,137,107,120,151,159,157,186,235,207,140,129,167,167,
    195,192,176,181,121,114,103,97,108,103,107,111,120,141,183,209,
    210,215,212,181,167,208,196,171,185,171,196,174,112,116,122,124,
    122,110,112,141,184,220,227,198,166,204,199,191,212,175,179,180,
    175,191,173,127,128,139,151,159,140,121,128,140,155,159,162,150,
    113,85,121,184,225,239,228,208,106,39,33,27,20,17,12,12,
    27,52,76,73,63,96,81,26,6,47,94,106,122,145,103,13,
    12,11,11,12,11,12,11,11,26,49,56,62,59,35,13,53,
    132,169,164,173,163,87,24,32,45,44,52,60,61,80,120,152,
    160,155,180,180,133,114,189,237,245,211,169,195,113,72,95,102,
    111,112,109,107,141,176,180,165,174,184,147,116,178,181,180,174,
    213,231,101,49,58,70,64,73,78,72,87,124,162,150,145,169,
    166,118,147,189,175,179,186,221,170,86,92,101,104,116,132,140,
    156,175,198,186,154,159,189,137,139,209,218,246,234,252,196,80,
    64,57,61,86,103,89,91,102,111,99,69,79,92,34,17,121,
    150,145,148,162,84,2,17,7,15,8,14,8,37,89,133,144,
    118,138,181,137,120,212,232,229,221,244,174,52,57,54,55,66,
    87,80,82,109,137,136,95,95,117,81,40,139,195,204,200,203,
    144,16,12,11,12,12,11,15,11,21,46,52,17,14,52,73,
    52,143,206,203,195,192,176,51,14,39,49,60,88,109,117,139,
    178,187,169,165,217,220,194,194,178,178,180,175,185,154,81,90,
    83,89,113,138,142,152,174,183,153,133,177,204,163,188,247,235,
    231,224,230,119,35,38,47,62,82,109,108,111,135,145,110,91,
    124,165,136,171,209,207,204,196,200,94,19,24,33,48,87,112,
    110,119,144,162,137,114,169,191,175,214,186,173,185,170,211,139,
    57,66,56,51,70,111,119,113,131,145,119,103,144,189,185,204,
    181,178,177,187,236,148,85,101,120,137,164,206,194,188,208,234,
    202,184,211,181,177,181,176,182,174,193,231,149,98,111,110,103,
    106,121,126,142,163,166,127,96,126,171,183,225,238,224,217,206,
    182,88,19,20,14,10,18,55,64,50,68,86,75,73,133,185,
    185,211,238,226,215,189,175,112,39,30,19,9,18,59,63,52,
    73,86,55,24,59,105,96,125,155,149,146,121,112,41,7,14,
    10,13,10,12,15,18,34,69,57,31,70,140,158,186,218,231,
    238,223,218,161,59,25,24,19,38,90,120,102,94,115,103,67,
    92,153,166,172,206,202,204,189,177,114,19,12,11,13,10,39,
    61,41,49,88,78,29,58,130,155,166,185,184,196,194,189,158,
    67,23,26,24,37,76,105,104,102,110,94,57,88,164,185,186,
    214,216,221,215,194,166,89,62,63,41,35,78,110,83,70,98,
    100,73,108,188,208,195,221,235,240,238,236,204,106,67,82,82,
    90,137,175,155,138,158,173,138,178,201,171,183,175,182,175,183,
    172,193,189,132,137,116,118,153,199,151,110,124,141,90,110,194,
    189,234,196,173,183,172,224,237,127,80,95,95,85,126,172,124,
    90,106,104,52,75,161,174,138,171,170,176,179,189,155,32,10,
    11,13,8,41,67,15,12,11,12,10,22,99,101,75,107,110,
    110,115,144,125,23,11,11,13,9,31,62,22,13,54,62,27,
    66,148,167,167,195,198,215,222,241,196,72,48,56,59,72,131,
    137,59,35,69,77,63,124,203,199,181,209,201,191,183,185,112,
    15,12,12,11,26,75,65,19,12,35,40,56,122,191,195,196,
    199,199,200,207,205,123,45,40,44,50,84,127,103,60,73,97,
    96,114,198,186,176,179,178,178,180,176,185,183,111,117,111,101,
    117,154,136,78,83,102,94,99,168,219,196,207,215,198,198,195,
    178,73,9,13,10,13,12,50,34,9,12,24,40,55,130,178,
    188,210,218,212,200,193,184,95,25,11,26,29,56,89,72,38,
    45,67,61,101,179,221,217,247,199,212,242,219,221,122,42,52,
    62,40,40,80,79,21,22,61,65,60,116,186,187,185,207,208,
    205,206,196,130,36,23,33,22,8,50,67,40,30,72,98,102,
    145,225,231,176,178,190,246,178,156,89,10,12,26,64,66,161,
    177,122,60,52,93,110,128,185,223,222,228,217,200,207,202,183,
    106,60,88,109,120,129,179,195,162,145,192,223,230,195,172,184,
    174,183,173,185,169,205,212,121,108,96,79,64,60,82,83,73,
    70,71,88,91,135,182,198,202,207,190,192,179,150,100,28,23,
    24,44,28,29,64,72,38,50,104,140,146,208,241,236,238,192,
    167,212,222,150,89,24,14,11,10,23,49,52,65,58,31,54,
    103,122,158,203,185,210,189,148,191,170,115,62,13,12,11,12,
    12,14,11,12,11,12,11,32,44,37,58,87,101,114,112,100,
    91,43,11,12,12,11,12,11,13,20,34,37,51,66,101,156,
    177,182,211,233,232,233,232,222,166,118,74,25,11,13,25,31,
    44,59,53,60,75,110,148,187,201,202,220,223,222,219,233,216,
    162,117,91,82,84,93,111,121,116,134,139,117,129,155,179,207,
    241,199,173,182,176,182,174,212,193,140,81,45,57,59,59,65,
    69,75,74,62,72,101,121,156,198,217,221,214,215,215,224,218,
    178,125,87,76,88,98,106,105,93,91,99,94,107,141,175,213,
    234,243,237,238,237,234,224,161,98,55,13,12,11,36,45,47,
    58,44,29,28,68,103,118,147,172,179,181,191,207,204,167,112,
    82,34,10,21,32,35,28,43,60,43,33,72,98,110,125,143,
    135,132,135,131,143,128,96,51,11,12,11,12,12,11,12,11,
    12,11,12,12,40,72,113,160,175,176,186,193,201,190,155,95,
    33,22,36,45,57,86,107,93,92,119,142,168,204,230,184,176,
    181,176,182,172,208,199,128,87,74,79,78,91,112,118,120,99,
    105,118,134,154,227,204,205,235,215,234,238,242,198,132,61,54,
    54,54,48,71,81,56,52,67,83,93,130,174,209,220,224,211,
    196,183,180,163,92,25,16,22,23,29,39,43,51,67,96,118,
    134,153,162,187,214,224,214,209,201,170,127,101,88,80,73,101,
    124,112,113,129,138,109,104,140,160,167,217,200,171,184,174,183,
    174,183,172,194,184,122,122,112,106,99,97,106,110,114,141,182,
    199,233,195,174,181,177,180,177,180,175,226,212,180,187,178,167,
    181,197,185,180,188,173,162,171,169,170,163,159,164,159,146,147,
    149,147,139,132,128,124,106,99,113,112,113,118,124,132,132,134,
    147,145,139,154,170,164,148,145,140,115,104,110,115,106,102,105,
    101,96,94,119,126,123,127,151,151,146,152,151,142,134,137,137,
    121,86,93,81,59,49,49,34,39,46,44,69,52,48,73,61,
    60,58,69,80,54,60,75,64,39,48,67,50,39,58,73,52,
    31,51,72,50,33,58,65,32,20,49,54,31,37,71,79,57,
    68,102,95,60,64,82,60,50,59,61,71,94,108,126,150,168,
    165,173,187,196,191,185,211,214,175,157,186,189,203,184,154,142,
    119,115,96,93,98,123,146,148,152,158,171,138,130,151,135,115,
    106,123,116,82,84,110,103,69,83,102,77,28,36,54,27,7,
    24,42,17,10,16,48,28,20,99,163,134,123,160,171,139,134,
    173,176,133,124,186,132,69,85,105,107,105,111,122,125,117,125,
    128,120,111,109,121,116,92,96,100,91,71,78,76,60,49,56,
    85,73,53,70,95,82,76,114,126,97,107,148,157,122,138,195,
    201,167,180,212,180,121,126,145,92,63,130,173,132,132,145,180,
    174,171,196,176,180,177,179,178,179,178,179,179,178,180,174,202,
    229,203,177,179,178,180,177,181,174,202,238,226,211,188,175,182,
    172,165,156,163,175,165,158,188,213,185,175,192,203,173,169,220,
    240,204,215,214,219,184,182,232,208,155,164,208,174,108,109,159,
    118,55,70,105,55,32,36,83,75,39,137,240,205,182,184,175,
    182,175,183,173,205,200,238,185,84,110,152,168,170,182,183,167,
    151,156,151,111,94,117,80,46,60,66,41,33,48,53,46,21,
    54,79,43,48,77,90,63,69,114,113,76,82,107,94,53,61,
    104,93,46,59,95,56,11,15,39,19,9,13,13,12,11,12,
    19,19,5,74,168,130,130,165,154,151,152,155,157,139,90,121,
    78,12,15,37,67,70,63,80,92,71,62,64,64,39,23,27,
    43,29,22,44,41,36,52,69,81,61,75,108,99,78,91,122,
    118,116,166,212,188,183,212,229,191,196,210,225,199,182,236,212,
    147,132,187,169,135,140,191,167,137,155,220,213,180,202,174,181,
    176,181,177,181,176,182,173,201,206,209,193,97,98,133,146,153,
    170,174,160,155,165,161,135,136,151,149,130,124,141,138,134,152,
    152,129,120,125,136,125,125,153,143,132,144,163,158,134,152,183,
    168,149,171,183,149,133,166,181,138,108,146,150,88,56,104,104,
    48,24,68,57,12,10,53,88,44,82,204,199,114,154,202,199,
    159,176,206,204,147,139,173,96,62,104,141,154,171,166,152,155,
    158,154,149,141,142,141,127,106,102,92,81,77,79,76,63,55,
    59,59,60,75,81,79,74,78,78,77,85,108,112,96,90,90,
    62,38,48,63,55,50,84,94,60,43,79,84,43,34,93,64,
    10,12,13,11,13,8,68,105,72,137,182,182,148,175,191,194,
    147,158,185,55,8,48,82,81,105,149,140,126,157,169,155,146,
    163,164,142,127,120,116,111,103,105,97,81,85,103,112,119,128,
    131,128,114,112,114,113,133,152,154,158,162,155,128,101,100,78,
    74,109,118,104,99,111,143,138,124,183,213,160,111,118,110,79,
    81,143,192,136,169,209,172,224,199,179,174,200,187,180,186,113,
    169,202,236,216,172,183,175,184,234,245,210,174,183,234,228,206,
    191,182,178,165,157,158,156,151,150,157,163,169,182,190,186,175,
    163,164,140,139,169,190,191,189,182,181,150,100,103,121,111,92,
    89,83,79,100,139,153,161,196,189,135,123,107,79,71,89,132,
    122,123,204,232,209,171,235,195,186,227,194,167,63,109,164,178,
    193,217,206,198,179,172,172,159,145,123,133,141,160,143,126,112,
    128,125,128,142,134,105,91,108,96,102,114,127,140,155,170,150,
    124,100,87,81,114,143,158,171,171,140,111,74,52,40,11,14,
    11,12,11,11,22,45,48,104,108,62,27,12,11,13,10,23,
    17,32,70,79,90,79,115,137,159,140,189,106,1,18,6,40,
    91,109,101,103,92,99,76,99,104,116,114,81,80,62,37,27,
    36,20,15,7,32,72,69,70,73,80,116,138,104,70,80,82,
    58,68,111,162,178,181,172,142,132,140,149,152,144,121,79,57,
    69,80,116,127,158,166,120,92,79,49,52,73,113,125,104,120,
    125,161,158,200,226,207,195,194,164,94,112,152,171,157,136,139,
    140,169,172,175,203,212,197,204,203,217,225,187,231,214,195,182,
    156,150,152,139,122,129,126,144,158,163,191,210,221,210,173,167,
    149,122,102,107,144,165,178,201,191,163,132,148,142,117,84,67,
    69,47,36,46,74,110,158,171,159,123,99,88,94,113,157,159,
    161,200,206,200,207,192,176,179,179,177,185,167,111,122,150,137,
    121,133,142,152,135,144,170,153,149,136,107,130,114,82,95,106,
    133,125,130,113,83,97,109,114,123,103,111,150,166,183,168,136,
    116,96,102,129,158,188,186,168,171,172,159,125,118,172,160,124,
    88,80,75,76,107,156,158,175,225,187,152,125,96,65,76,130,
    120,77,66,39,68,121,157,170,139,104,148,79,0,19,5,27,
    35,57,64,74,86,92,101,118,115,113,126,129,129,122,108,124,
    125,126,120,97,90,68,49,31,46,57,65,62,55,45,59,59,
    53,64,66,59,47,38,32,64,100,140,150,145,156,166,170,166,
    156,143,102,96,119,121,99,72,68,83,111,157,180,172,174,133,
    88,65,49,20,25,65,95,106,146,165,184,217,255,205,181,234,
    242,200,93,73,88,123,136,142,152,174,186,181,177,170,178,175,
    164,160,170,187,200,199,191,175,175,159,146,144,140,129,131,126,
    109,116,119,129,135,138,142,128,102,78,77,86,111,138,144,153,
    145,129,122,121,135,135,119,107,83,75,77,69,112,162,163,162,
    143,115,114,109,104,111,131,180,181,175,188,209,224,175,181,176,
    182,173,194,201,114,123,146,176,197,205,198,218,217,240,219,192,
    238,206,212,196,173,173,177,168,153,157,161,148,111,118,123,103,
    96,96,86,90,91,74,80,100,125,136,121,90,69,53,52,63,
    74,100,133,145,132,111,86,79,70,75,55,48,57,59,66,78,
    98,132,162,182,174,130,89,66,48,20,18,59,84,76,108,134,
    139,156,198,198,196,170,145,93,13,11,21,51,53,62,52,42,
    50,76,100,132,159,176,198,181,156,138,141,136,124,116,118,125,
    117,102,104,106,105,109,106,105,119,113,114,131,164,206,212,196,
    162,151,145,147,158,171,201,203,201,206,200,177,167,161,141,131,
    122,113,88,58,61,98,131,134,134,125,108,96,88,86,100,125,
    156,150,115,114,111,123,182,223,239,242,172,194,186,109,107,113,
    139,134,121,143,164,162,163,153,150,162,173,159,130,131,139,158,
    176,188,192,183,185,178,136,109,135,136,149,171,167,152,115,91,
    86,77,61,67,78,83,87,63,39,26,31,49,72,106,132,131,
    121,113,104,94,89,112,97,75,55,47,48,74,144,197,209,218,
    212,172,156,128,107,92,116,160,143,131,166,188,210,225,178,161,
    210,220,215,126,24,12,22,57,76,80,60,42,42,50,67,78,
    74,65,60,57,47,42,49,72,65,31,11,15,33,43,52,50,
    45,49,51,45,21,39,93,123,155,180,182,169,140,108,97,107,
    127,155,180,192,190,185,184,181,168,163,157,114,92,91,94,97,
    106,158,195,212,227,222,191,144,108,87,106,160,187,179,190,203,
    196,189,193,201,211,217,210,147,56,48,58,65,81,97,111,105,
    121,127,109,107,119,113,129,157,166,145,118,111,107,111,119,111,
    102,103,114,126,114,95,80,79,97,127,123,104,73,43,60,100,
    150,177,173,151,118,94,108,129,157,204,225,222,206,180,144,95,
    78,93,94,84,71,47,36,35,61,103,133,162,156,116,85,46,
    36,51,75,98,78,98,130,128,132,184,219,222,224,229,183,93,
    85,105,119,138,170,196,183,195,216,202,200,178,177,200,193,183,
    176,180,182,168,146,139,141,144,147,129,112,116,123,136,133,129,
    128,142,167,209,224,169,199,236,203,200,195,225,222,174,179,178,
    177,220,219,194,201,199,199,183,166,147,156,168,195,228,194,167,
    201,204,162,137,125,138,182,191,184,189,206,208,231,219,172,181,
    175,227,148,57,51,60,101,112,126,134,144,147,156,145,134,137,
    144,143,144,135,113,85,79,78,58,32,24,21,14,14,18,15,
    14,15,14,15,14,15,14,15,15,47,86,103,112,115,94,74,
    70,76,94,124,150,163,164,146,115,80,66,67,80,82,65,47,
    38,24,26,44,76,114,111,79,39,18,15,17,43,79,93,113,
    122,122,119,149,194,187,187,187,125,36,11,23,57,79,82,90,
    97,107,101,105,121,123,109,116,128,113,93,94,96,94,98,106,
    110,93,77,71,55,50,55,58,68,80,75,56,56,74,120,157,
    167,167,134,116,112,125,142,176,222,222,203,199,184,168,195,213,
    204,205,199,183,180,187,209,194,170,182,170,192,209,171,161,176,
    211,220,224,225,212,185,182,207,169,196,235,189,98,47,58,69,
    66,71,96,100,105,119,140,139,132,148,163,170,166,169,153,141,
    151,147,140,124,126,131,133,136,138,126,109,108,96,84,85,101,
    126,150,142,142,158,170,187,194,178,159,144,122,103,111,146,178,
    206,222,221,170,127,108,107,108,112,137,130,106,94,77,86,145,
    217,228,182,136,73,67,76,101,124,126,158,196,194,167,193,215,
    219,212,215,143,42,33,64,101,124,131,127,128,140,146,130,116,
    129,125,103,95,85,79,62,65,66,55,61,57,36,32,74,100,
    95,100,118,142,180,218,234,213,182,191,214,224,237,213,143,87,
    68,77,77,76,114,107,80,82,54,31,89,160,180,113,44,28,
    32,26,63,67,92,192,195,213,184,204,220,218,213,235,155,17,
    21,32,73,81,106,114,118,118,115,116,124,113,101,102,101,97,
    81,80,81,80,71,66,73,88,111,128,136,155,157,164,180,183,
    195,204,201,202,193,180,166,159,145,122,98,66,32,18,20,19,
    20,19,21,33,39,27,30,66,88,62,45,83,160,188,190,198,
    200,198,195,196,213,146,37,20,19,20,20,39,46,50,68,90,
    98,101,100,92,94,110,148,175,172,160,176,194,211,224,226,199,
    159,128,110,91,81,86,82,76,75,69,49,27,35,59,69,70,
    72,80,85,92,110,132,151,176,184,198,206,212,207,226,231,240,
    207,171,215,170,144,164,186,205,208,199,177,158,164,183,197,222,
    180,175,208,160,137,123,158,193,221,205,169,177,173,175,174,175,
    175,174,175,172,118,116,118,111,108,101,106,105,120,147,142,120,
    117,131,153,186,205,189,175,201,226,219,221,224,219,164,140,141,
    138,125,112,100,69,55,89,120,112,102,91,85,72,77,89,89,
    67,60,97,108,103,133,171,176,159,166,173,161,140,126,101,62,
    52,64,56,42,50,40,21,23,21,23,21,23,21,27,37,44,
    77,154,207,211,202,201,214,211,201,186,176,105,48,55,77,57,
    22,32,50,46,50,71,86,74,64,91,96,109,159,204,193,197,
    209,231,208,175,166,182,198,151,141,132,123,111,104,95,84,55,
    41,52,56,46,37,33,23,23,23,23,25,52,79,92,102,107,
    106,120,145,161,149,113,95,87,67,54,62,73,64,52,47,50,
    53,70,82,71,57,70,86,113,157,205,217,212,225,183,170,177,
    170,178,172,116,106,92,74,69,72,77,104,139,134,130,123,121,
    139,211,177,196,218,198,211,190,200,192,200,137,61,52,51,43,
    47,68,77,71,82,112,120,122,126,138,135,180,193,170,174,173,
    173,174,172,175,170,181,200,135,101,97,94,92,109,136,129,111,
    109,114,108,109,124,117,100,139,194,199,182,192,210,202,196,180,
    191,148,35,24,25,24,25,24,25,24,29,59,68,62,70,58,
    71,133,178,178,175,181,186,184,188,184,187,121,65,63,50,49,
    65,66,41,33,55,66,61,70,61,42,54,84,78,81,127,159,
    131,130,175,191,165,148,184,180,132,114,124,112,105,115,114,115,
    132,134,93,75,88,98,72,64,104,124,89,118,203,209,189,177,
    191,186,183,184,200,173,66,39,54,61,71,78,92,100,99,94,
    105,117,113,109,133,175,198,197,187,200,208,207,207,205,197,160,
    108,95,105,106,91,108,115,90,80,122,143,118,128,171,158,115,
    149,214,220,187,217,177,194,215,161,181,204,168,137,102,97,140,
    117,88,114,109,57,62,121,125,76,103,166,137,75,167,232,221,
    205,211,228,200,145,168,187,63,22,29,25,29,24,50,49,21,
    37,103,134,72,102,160,163,130,160,184,176,154,99,113,44,29,
    22,74,103,48,50,114,145,72,90,174,180,85,53,77,124,114,
    118,188,224,215,203,218,222,227,212,222,207,103,56,75,80,71,
    69,85,92,92,98,113,103,82,96,101,82,97,130,125,106,111,
    120,132,142,142,132,109,85,78,79,83,93,101,107,116,117,109,
    111,117,121,128,132,132,136,135,136,138,147,152,150,148,141,141,
    145,143,142,142,136,136,135,134,135,138,137,131,130,137,140,143,
    149,154,155,150,150,148,150,155,156,160,162,158,150,143,141,140,
    140,144,147,149,146,141,135,139,148,157,160,166,173,178,172,158,
    156,150,143,144,148,150,140,131,127,127,135,141,142,133,118,108,
    105,104,107,115,121,121,123,132,135,142,156,155,146,132,122,118,
    119,122,126,130,134,138,138,137,132,128,128,128,125,118,114,115,
    119,132,144,144,139,133,129,127,130,138,143,142,139,138,137,140,
    143,148,151,155,160,165,167,164,163,161,159,157,157,161,161,159,
    154,148,148,148,149,147,143,138,135,136,139,136,129,125,125,126,
    129,130,130,126,122,125,126,124,120,120,116,110,108,111,112,111,
    111,114,117,117,115,111,110,110,111,106,100,98,97,96,91,87,
    86,88,88,89,91,92,95,97,99,100,99,99,101,107,115,120,
    122,120,117,114,110,105,99,101,108,113,109,105,104,106,111,117,
    123,135,148,155,151,145,141,140,138,136,133,132,134,133,131,134,
    132,129,126,128,132,134,132,125,119,118,121,125,126,125,126,126,
    127,129,130,130,134,139,140,136,133,137,142,147,147,142,139,140,
    138,137,139,138,137,132,124,123,125,123,120,115,110,106,104,106,
    104,99,97,97,99,98,99,102,102,103,102,100,99,100,109,117,
    117,111,109,111,117,122,121,121,115,116,129,141,143,136,126,122,
    118,111,107,101,98,97,98,95,93,90,92,93,94,94,97,99,
    99,106,112,113,112,113,120,131,139,155,171,175,171,163,154,153,
    154,158,155,156,157,155,149,143,142,135,134,130,133,139,147,152,
    148,146,134,138,139,145,144,142,136,135,146,148,157,156,157,154,
    158,156,161,155,152,141,133,123,131,139,135,137,142,145,164,170,
    180,178,176,173,167,164,147,150,143,164,156,154,139,151,154,161,
    156,156,153,150,156,144,140,130,136,138,143,138,136,131,137,138,
    137,130,127,127,134,140,150,154,161,168,173,175,182,186,199,196,
    202,202,192,189,168,164,140,137,125,137,144,134,129,118,118,108,
    116,102,105,104,88,92,86,84,79,82,80,83,86,87,86,90,
    93,91,91,98,108,111,111,111,114,116,121,121,122,130,144,154,
    150,142,139,139,140,142,141,139,140,140,139,136,136,140,142,136,
    132,131,133,137,140,137,138,149,158,156,145,134,129,130,133,133,
    132,138,143,146,145,143,138,139,140,139,134,127,125,128,131,134,
    133,131,131,128,129,131,130,132,133,133,136,133,129,127,128,130,
    132,129,119,115,111,106,100,97,94,91,89,85,80,76,76,78,
    82,89,96,102,109,114,106,98,104,110,119,120,118,118,124,129,
    134,136,131,123,120,122,123,118,113,117,115,110,105,108,110,110,
    110,110,112,112,113,119,124,127,126,120,119,121,122,122,125,127,
    123,118,116,120,121,124,126,122,124,123,122,121,126,133,139,140,
    141,141,140,139,134,131,127,125,125,129,134,145,154,159,165,167,
    168,168,166,163,154,144,134,129,129,132,131,130,135,143,150,150,
    142,132,128,134,138,134,125,119,118,115,111,109,108,107,104,100,
    101,106,114,118,122,123,123,129,132,138,144,149,152,154,159,162,
    158,153,150,145,135,127,127,122,107,95,88,89,98,103,108,112,
    106,103,100,91,92,107,119,121,118,116,122,128,129,132,133,129,
    131,126,119,121,125,133,139,140,144,150,154,155,154,159,167,170,
    164,149,133,123,122,122,119,113,111,115,123,129,134,134,133,134,
    136,134,135,142,144,144,144,138,132,135,135,124,115,111,110,112,
    115,118,119,122,125,129,127,114,107,114,124,136,146,148,146,147,
    154,155,152,152,145,137,134,134,133,134,134,134,136,139,143,143,
    142,142,144,144,142,142,139,137,140,142,139,133,133,135,134,134,
    132,132,133,134,138,147,146,140,137,133,128,120,116,121,123,118,
    116,120,123,125,125,123,121,117,116,117,115,112,108,105,106,109,
    114,114,116,120,122,123,125,126,124,118,112,108,107,108,110,110,
    110,114,113,112,115,119,123,125,127,130,130,129,127,129,131,131,
    130,128,126,127,128,127,123,118,115,122,127,128,131,138,145,149,
    144,136,134,132,126,120,113,103,100,102,100,97,106,115,122,120,
    113,112,113,117,119,123,130,133,133,137,148,156,155,150,149,154,
    158,155,156,157,154,148,142,140,140,137,136,140,145,142,134,129,
    132,139,145,149,153,159,161,159,156,154,151,150,147,147,152,153,
    153,150,143,140,141,143,150,154,160,167,176,178,175,174,172,168,
    163,164,168,171,165,156,152,150,151,154,158,155,151,149,149,146,
    142,141,138,133,133,134,132,129,125,121,121,120,117,117,117,112,
    110,109,107,113,121,119,112,110,112,111,112,110,106,99,96,96,
    100,105,106,108,107,105,104,102,100,102,102,105,112,109,102,95,
    91,93,97,101,103,106,111,116,121,123,120,122,126,127,127,127,
    129,132,133,134,135,137,136,137,138,140,143,146,149,148,147,147,
    147,147,149,148,147,146,142,137,132,132,135,136,133,132,132,132,
    132,133,137,141,140,135,129,123,120,121,122,123,123,121,119,119,
    114,109,107,107,105,101,95,92,91,90,88,84,83,84,84,84,
    88,92,95,99,101,102,103,105,104,105,105,106,108,111,115,115,
    114,116,119,121,121,122,127,129,128,131,135,135,136,135,135,137,
    139,140,138,137,138,138,138,138,140,142,144,143,142,141,140,141,
    145,148,146,140,140,143,143,141,142,144,143,142,140,139,137,137,
    139,141,143,144,144,143,143,144,142,139,138,137,137,139,142,142,
    141,142,144,145,141,135,130,129,133,136,135,136,139,140,137,133,
    128,127,127,127,126,126,127,130,133,133,131,131,135,141,142,136,
    130,128,129,130,129,128,126,125,126,128,129,127,122,117,116,120,
    119,115,113,114,116,115,115,115,116,117,117,118,120,123,126,126,
    130,135,134,131,131,133,133,128,126,126,123,123,124,126,127,125,
    122,119,119,120,116,109,107,111,115,118,119,120,123,125,126,127,
    126,122,121,119,120,124,127,129,130,130,133,139,143,146,144,141,
    140,141,142,143,142,141,143,144,146,147,145,144,144,139,133,134,
    135,133,129,125,118,110,107,108,110,113,115,113,114,114,113,114,
    115,117,121,124,127,128,127,126,123,120,120,123,126,129,134,137,
    137,138,141,145,147,147,147,149,149,147,148,149,151,151,151,151,
    148,145,146,146,147,145,142,138,138,138,138,140,141,143,142,140,
    138,137,138,140,143,147,145,142,140,140,140,137,133,134,139,139,
    139,136,139,146,147,146,146,145,141,139,136,132,132,135,139,146,
    150,151,149,146,142,143,148,149,145,140,138,138,137,132,130,131,
    132,135,136,133,129,127,127,128,127,123,118,116,114,109,101,98,
    99,102,102,102,100,98,99,100,101,102,102,101,103,105,108,110,
    113,117,121,122,121,123,123,121,121,120,123,128,129,126,124,124,
    126,127,127,129,128,125,122,122,123,123,122,122,124,122,119,116,
    116,117,119,123,125,125,125,125,127,127,126,130,135,138,138,136,
    133,131,132,134,137,143,144,142,138,135,134,134,135,135,131,129,
    131,133,134,133,132,132,132,133,132,129,124,121,122,124,126,127,
    124,121,123,126,127,128,126,124,124,127,128,128,129,132,136,138,
    135,131,128,126,124,119,112,110,113,118,120,117,117,117,115,112,
    107,104,104,105,106,106,106,107,106,104,105,107,109,111,113,113,
    113,114,115,115,116,118,121,124,127,133,137,138,139,141,142,145,
    147,149,150,151,149,148,147,148,150,150,149,148,146,143,141,140,
    139,140,139,136,136,136,135,134,132,128,127,126,125,125,126,126,
    124,119,115,118,121,124,126,128,131,130,128,129,133,137,137,138,
    136,135,136,139,141,142,143,144,144,145,149,150,148,148,149,147,
    144,141,135,129,124,122,123,125,127,129,132,134,136,136,137,140,
    143,144,144,143,138,133,130,129,131,135,137,139,139,139,140,140,
    140,141,142,145,148,151,153,152,151,151,150,148,145,146,148,148,
    145,142,140,137,133,134,134,135,135,132,130,127,126,126,124,124,
    126,128,128,128,126,124,122,123,124,125,127,126,127,128,128,129,
    130,130,128,127,127,126,125,127,128,128,126,123,119,117,118,120,
    123,126,127,126,124,122,120,119,118,117,115,115,113,110,107,106,
    106,108,113,115,117,118,118,119,119,118,116,115,115,116,117,117,
    119,119,117,116,116,117,117,117,117,118,118,120,121,121,123,123,
    122,120,121,124,126,129,132,133,132,130,131,131,129,128,128,128,
    128,129,131,130,129,128,127,128,131,134,135,134,132,130,127,126,
    127,130,133,135,136,135,135,136,137,137,138,138,138,137,138,139,
    138,136,133,133,134,135,133,130,127,124,122,122,124,125,127,127,
    125,122,119,117,116,115,115,114,113,113,115,117,117,118,120,122,
    124,124,126,128,127,125,121,117,115,114,114,116,119,123,127,129,
    130,133,136,136,133,133,135,136,137,137,139,139,138,136,134,131,
    128,129,134,140,144,145,147,149,149,148,146,145,144,142,139,137,
    137,136,137,137,136,136,137,140,143,144,146,147,148,148,147,147,
    150,154,156,158,156,153,151,148,147,145,144,143,140,137,136,135,
    132,128,125,123,124,126,128,132,134,137,140,143,143,140,137,135,
    135,137,138,141,143,144,145,146,145,142,140,139,139,137,136,134,
    134,135,133,131,129,127,125,124,122,120,118,112,108,104,102,100,
    101,102,105,107,110,113,115,114,112,112,113,115,118,120,121,120,
    117,114,114,115,115,117,118,120,122,123,123,124,126,126,127,127,
    127,125,126,125,124,122,119,117,117,118,118,118,118,117,114,111,
    111,112,112,110,109,108,107,109,110,110,111,111,112,114,117,118,
    119,121,122,124,124,125,126,127,126,126,126,126,127,128,129,128,
    128,126,123,122,120,117,118,119,122,124,124,123,123,124,127,128,
    124,120,120,119,118,119,121,123,125,123,120,120,121,121,120,119,
    119,117,119,122,121,120,121,125,129,131,134,137,141,142,144,146,
    150,155,156,155,153,153,154,154,154,153,153,151,150,150,152,151,
    152,151,151,150,150,150,150,149,148,149,147,146,145,145,144,144,
    142,142,141,141,140,138,136,134,134,135,135,134,135,135,137,139,
    138,136,134,134,135,136,135,132,129,125,123,124,126,128,126,123,
    120,117,114,111,109,109,109,110,112,113,113,113,114,115,115,115,
    114,116,118,118,118,118,118,119,121,125,128,130,130,130,128,129,
    132,134,136,136,136,136,136,135,134,132,129,127,127,126,125,124,
    123,122,122,119,118,116,115,114,113,114,115,116,116,116,115,115,
    115,115,116,117,119,120,121,120,120,120,121,122,124,125,127,128,
    129,129,128,128,129,131,131,131,131,132,132,132,132,132,133,133,
    134,134,135,137,137,136,135,133,133,132,131,131,132,132,131,131,
    131,130,130,130,131,131,130,129,128,128,129,130,130,129,127,126,
    125,125,125,126,127,128,128,128,130,132,132,132,131,132,133,135,
    138,140,141,141,141,141,142,143,144,144,144,144,144,144,144,143,
    142,141,140,140,140,139,139,138,137,136,135,135,133,132,131,129,
    129,128,128,128,126,125,125,126,126,126,125,125,125,124,124,123,
    123,122,122,121,120,120,118,117,117,118,118,118,117,117,117,118,
    118,118,119,120,121,122,121,121,122,123,124,124,124,124,124,122,
    121,120,120,121,124,126,128,128,127,126,125,125,125,126,127,127,
    127,127,128,129,129,128,128,127,128,128,128,128,129,128,128,127,
    126,126,126,125,125,125,125,125,125,125,126,126,127,127,126,126,
    125,125,126,127,129,129,129,129,129,129,130,131,132,132,134,135,
    136,136,136,137,137,137,137,137,137,138,138,138,138,137,138,137,
    136,136,136,137,136,135,134,132,131,132,134,135,134,134,133,132,
    132,132,133,133,132,132,131,130,129,129,128,128,128,129,131,131,
    131,130,128,127,129,131,133,133,133,133,132,134,135,134,134,135,
    136,136,136,135,135,135,135,135,135,134,134,135,136,136,136,136,
    135,135,134,133,132,131,132,132,131,130,128,127,127,126,126,126,
    127,127,127,126,125,124,123,123,124,124,125,125,126,125,126,127,
    127,125,124,124,125,126,126,127,126,126,126,126,127,128,128,128,
    128,127,128,128,127,127,127,126,126,126,127,128,128,128,128,128,
    128,128,128,130,130,131,131,131,130,128,126,125,125,126,126,126,
    125,124,124,124,124,124,126,127,127,127,127,126,126,125,124,124,
    124,123,123,123,123,122,122,122,122,122,122,122,121,120,120,120,
    121,121,121,121,121,122,123,123,123,123,124,125,126,126,126,127,
    127,128,128,128,129,130,130,132,132,132,132,132,132,132,132,133,
    133,133,134,134,133,133,134,134,134,133,134,135,136,136,136,136,
    135,135,136,136,136,136,135,136,136,136,136,136,136,137,137,135,
    134,133,132,131,130,129,127,127,126,125,125,125,124,124,124,123,
    124,124,125,124,125,125,126,126,125,125,125,125,125,126,125,125,
    124,124,124,124,125,126,126,127,127,127,127,128,128,129,130,131,
    132,132,132,131,130,130,130,131,132,131,131,131,131,131,131,132,
    132,133,133,133,134,135,134,134,135,135,135,135,135,136,136,137,
    138,139,140,141,140,140,139,139,139,139,139,139,139,139,138,138,
    138,138,138,138,139,139,139,138,137,137,136,136,136,135,135,134,
    134,133,132,131,130,131,131,132,133,132,132,132,133,133,133,132,
    132,132,132,132,132,133,133,134,134,135,135,134,134,134,134,134,
    133,132,131,130,129,128,127,127,127,127,127,126,126,124,123,122,
    122,121,121,121,120,120,120,119,119,118,118,118,120,121,121,121,
    120,120,120,121,120,120,119,119,119,120,120,121,120,120,120,120,
    120,121,121,122,123,124,126,127,126,125,123,122,122,122,123,124,
    123,123,123,123,124,123,123,123,123,122,121,120,119,119,119,119,
    120,121,122,122,122,123,124,126,127,128,129,130,130,131,130,129,
    128,127,127,127,126,125,124,124,124,124,124,124,124,124,124,124,
    125,125,125,125,125,126,126,126,127,128,128,129,131,132,132,133,
    133,133,134,134,135,135,136,136,136,137,140,142,143,143,142,141,
    139,138,136,135,134,135,135,135,135,135,135,135,135,136,138,139,
    140,140,139,139,140,141,143,143,143,142,140,140,140,140,140,140,
    141,142,141,140,139,138,136,135,133,132,131,131,131,131,130,130,
    129,129,129,129,129,129,128,128,127,127,128,128,128,128,127,126,
    127,128,128,129,129,129,128,127,125,124,123,122,121,120,120,121,
    122,123,123,123,122,122,122,122,122,121,121,121,122,122,122,123,
    124,124,124,125,126,127,128,129,129,128,127,126,127,128,129,130,
    131,132,132,132,130,127,126,126,127,129,131,131,130,129,129,130,
    131,132,133,133,133,132,132,131,131,132,133,133,132,132,132,131,
    131,132,132,132,131,131,130,131,131,131,131,130,128,127,127,128,
    128,129,129,129,128,128,127,127,128,128,127,126,124,124,124,124,
    124,123,123,122,122,123,123,123,123,122,121,121,121,121,122,122,
    122,122,122,121,121,120,120,121,121,121,122,123,123,125,126,126,
    126,126,126,126,127,129,130,131,132,132,131,131,131,132,133,133,
    132,132,133,133,133,133,135,136,138,139,140,139,139,139,140,139,
    139,139,139,139,138,138,138,139,140,139,139,137,136,136,137,138,
    140,140,140,139,139,138,138,138,138,138,138,138,137,135,134,133,
    132,133,134,135,135,133,131,129,128,127,127,126,127,127,127,128,
    127,127,127,127,127,127,126,125,123,122,121,121,121,122,123,124,
    124,124,125,126,126,126,126,127,126,125,124,123,123,123,122,121,
    121,122,123,124,125,126,126,127,127,126,125,124,124,124,124,124,
    125,125,126,126,126,126,125,125,125,126,126,126,126,126,127,127,
    128,128,128,127,127,126,125,124,125,125,125,125,126,127,127,127,
    127,127,127,127,127,126,127,127,128,128,128,128,128,127,127,126,
    126,127,128,129,128,127,126,126,127,127,128,129,129,129,129,129,
    129,129,128,128,127,128,128,128,128,129,130,131,131,131,131,131,
    131,131,132,132,132,132,131,131,131,132,132,132,133,133,133,133,
    134,134,134,134,135,135,135,135,135,136,136,136,136,136,137,137,
    138,138,139,139,139,139,138,138,138,137,137,137,137,137,137,137,
    136,135,135,134,133,133,133,133,133,133,132,131,130,130,130,130,
    131,131,131,130,129,127,126,125,124,123,123,123,123,124,124,124,
    124,124,124,124,123,122,121,120,120,119,120,120,120,120,120,120,
    120,121,122,123,122,123,123,124,124,124,125,125,125,126,126,126,
    126,127,127,127,127,126,127,127,127,128,128,128,128,128,128,128,
    128,127,126,126,125,126,126,127,127,127,127,127,127,128,128,130,
    131,131,132,132,132,132,132,133,134,134,134,134,133,132,132,131,
    131,132,132,133,133,133,132,131,131,130,130,131,131,131,131,130,
    129,128,127,127,127,128,128,129,129,128,127,126,126,126,128,129,
    130,130,130,129,128,127,125,123,123,124,125,126,127,128,128,127,
    126,124,123,123,124,125,125,126,126,127,128,129,130,130,131,131,
    132,133,133,134,134,133,132,131,131,131,132,132,133,132,132,132,
    132,132,132,132,132,132,132,133,133,133,133,133,132,131,130,130,
    130,128,127,127,126,126,127,127,128,128,128,127,127,127,127,126,
    126,126,126,126,125,125,126,127,127,128,129,129,130,130,131,131,
    131,130,130,130,131,131,131,131,131,131,131,131,131,131,131,131,
    131,131,131,130,130,130,130,129,129,128,128,127,127,127,127,126,
    126,127,127,128,128,129,130,130,130,129,129,128,128,129,130,131,
    132,132,132,132,132,132,131,131,131,131,131,132,132,132,131,130,
    130,130,131,131,130,129,129,130,130,130,129,128,127,128,129,129,
    129,129,128,127,127,127,127,128,128,129,130,130,130,130,130,130,
    130,131,132,132,132,132,132,131,131,131,131,132,132,132,132,132,
    132,132,131,129,128,128,128,128,128,128,128,128,127,126,126,127,
    127,127,126,125,125,125,125,124,123,122,121,121,121,122,123,122,
    122,122,123,123,124,124,124,124,125,125,126,126,126,126,126,126,
    125,125,125,125,126,126,127,126,126,126,126,127,128,129,130,131,
    131,132,132,132,132,132,132,132,132,132,132,132,132,131,130,130,
    129,129,129,129,130,130,131,131,131,131,131,130,129,129,129,130,
    130,129,128,128,128,128,127,127,127,127,126,126,127,127,127,128,
    128,128,128,129,130,130,130,130,130,130,131,131,131,132,132,132,
    133,133,133,133,133,132,132,132,132,132,133,133,133,133,133,133,
    132,132,131,131,131,132,132,132,132,131,130,130,130,131,131,132,
    132,132,131,131,130,130,130,129,129,130,130,130,131,131,131,131,
    132,132,133,134,135,135,135,134,134,133,132,131,131,131,131,131,
    131,131,131,131,131,131,130,130,129,129,129,129,130,130,131,131,
    130,130,130,130,131,131,131,131,130,130,129,129,129,129,129,129,
    129,130,130,130,130,130,130,130,129,128,128,128,128,128,127,127,
    127,127,127,127,127,127,127,127,127,127,128,128,128,128,128,128,
    128,127,127,126,126,125,125,125,125,125,125,125,125,125,125,125,
    125,125,124,124,124,124,124,125,125,125,126,126,126,126,125,125,
    124,124,123,123,123,124,125,126,127,127,128,128,128,128,128,127,
    126,126,126,126,126,127,127,127,128,128,129,129,129,129,129,129,
    129,129,129,128,127,127,127,127,128,129,129,129,129,129,129,129,
    129,129,130,130,129,129,130,130,130,130,131,131,131,130,130,129,
    129,130,130,130,130,129,129,128,128,128,128,129,129,129,128,128,
    128,128,128,128,128,128,129,129,130,131,131,131,131,130,131,131,
    131,130,130,130,130,129,129,129,129,129,130,130,129,130,130,132,
    133,133,134,134,134,134,134,134,134,135,135,135,134,134,133,132,
    132,132,132,133,133,133,133,132,132,131,131,131,131,131,131,132,
    133,133,133,133,133,133,133,133,132,132,132,132,131,131,131,131,
    131,131,132,132,132,131,130,129,128,127,127,126,127,127,127,127,
    127,126,125,125,125,125,125,126,127,127,127,127,127,126,126,125,
    125,125,126,126,127,127,127,127,127,127,127,127,128,128,128,128,
    128,128,128,127,127,127,127,127,128,128,128,128,128,127,127,126,
    126,126,126,126,127,128,128,128,128,128,128,128,128,128,128,128,
    128,128,128,128,127,127,127,128,128,128,129,129,130,130,130,131,
    131,131,131,131,131,131,131,131,131,131,131,131,131,131,131,131,
    131,131,131,131,130,130,130,130,130,130,130,130,131,131,130,130,
    130,130,130,130,130,131,131,131,131,131,131,131,131,130,130,129,
    129,129,129,130,130,130,129,129,129,128,128,128,128,128,128,128,
    128,128,128,127,127,127,127,127,127,127,127,127,127,128,128,128,
    128,128,128,128,128,128,128,128,128,128,129,129,129,129,129,129,
    130,130,130,131,131,131,131,131,131,130,130,130,131,130,130,130,
    130,130,130,130,130,129,130,130,130,130,130,130,130,129,129,129,
    129,129,129,130,130,130,130,130,131,130,130,130,130,130,130,130,
    130,129,129,128,127,127,127,127,127,128,128,128,128,128,128,128,
    128,128,128,128,128,128,127,127,127,128,128,128,128,128,128,127,
    127,127,127,127,127,128,128,128,128,128,128,128,128,128,128,128,
    128,127,127,127,127,127,127,127,127,127,128,128,129,129,129,129,
    129,129,129,129,129,129,129,129,129,128,128,127,127,126,126,126,
    127,127,127,127,128,127,127,128,128,128,128,128,128,128,128,128,
    128,128,128,128,128,128,128,128,128,129,129,129,129,129,129,129,
    130,130,131,131,131,131,132,132,132,132,132,132,132,132,132,132,
    132,132,132,132,131,131,131,131,131,131,131,131,131,131,131,131,
    131,130,130,130,130,129,129,129,129,129,129,129,129,129,129,129,
    129,129,129,128,128,128,128,128,129,129,129,130,130,129,129,129,
    129,129,129,129,129,129,129,129,129,129,129,129,128,129,129,129,
    129,130,130,130,130,130,130,130,130,131,131,131,131,130,130,131,
    131,131,130,130,130,130,130,130,129,129,129,129,129,130,130,130,
    130,130,129,129,128,128,128,128,128,128,128,128,128,128,128,128,
    128,128,128,128,128,128,128,128,129,129,129,130,130,129,129,129,
    129,130,130,130,130,130,130,130,131,130,130,130,130,131,131,131,
    131,130,130,129,129,128,128,128,128,128,128,128,129,129,129,128,
    128,128,129,129,129,129,129,129,130,130,130,130,130,130,130,129,
    129,129,129,129,129,129,130,130,130,130,130,130,130,130,130,130,
    130,130,130,129,129,129,129,129,129,129,129,129,129,129,129,129,
    129,128,128,128,128,128,128,128,128,128,128,127,127,127,127,127,
    127,127,127,127,127,127,127,127,127,127,127,127,127,127,127,127,
    127,127,127,127,127,127,127,127,127,127,127,127,127,127,127,127,
    127,127,127,128,128,128,128,127,127,127,127,127,127,127,128,128,
    128,128,128,128,128,129,129,129,129,129,129,129,129,129,129,129,
    129,129,129,129,129,128,128,128,128,128,128,129,129,129,129,129,
    129,129,129,130,130,130,130,130,130,131,131,131,131,131,131,131,
    131,131,131,131,130,130,130,130,130,130,130,130,130,130,130,130,
    130,131,131,131,131,130,130,130,130,130,130,130,130,130,130,130,
    130,130,130,130,129,129,129,129,129,129,129,129,129,129,129,129,
    129,128,128,128,128,128,128,128,128,128,128,128,128,128,128,128,
    128,129,129,129,129,129,129,129,130,130,130,130,129,129,129,129,
    129,129,129,129,129,129,129,129,129,130,130,130,130,130,130,130,
    130,130,130,130,130,130,130,130,130,129,129,129,129,129,129,129,
    129,129,129,129,129,129,129,129,129,129,129,129,129,129,129,129,
    129,129,129,129,129,129,129,129,129,129,128,128,128,129,128,128,
    128,128,127,127,127,127,127,127,127,127,127,127,127,127,128,128,
    128,128,128,128,128,128,128,128,128,128,128,128,128,128,128,129,
    129,129,129,129,129,130,130,130,130,130,130,129,129,129,129,129,
    129,129,129,129,128,128,128,128,128,128,128,128,128,129,129,129,
    129,129,129,129,129,129,129,129,129,129,129,129,129,128,128,129,
    129,129,129,129,128,128,128,128,128,129,129,129,129,129,128,128,
    128,128,129,129,129,129,129,129,129,129,129,129,129,129,129,129,
    129,129,129,129,129,129,129,129,129,129,129,129,129,129,129,129,
    129,129,129,129,129,129,129,129,129,129,129,129,129,129,129,129,
    129,129,129,129,129,129,129,129,129,129,129,129,129,129,130,130,
    129,129,129,129,129,129,129,128,128,128,128,128,128,128,128,128,
    129,129,129,129,129,129,129,129,129,129,129,129,129,129,129,129,
    129,129,129,129,129,129,129,129,130,130,130,130,129,129,129,129,
    129,129,129,129,129,129,129,129,129,129,129,129,129,130,130,130,
    130,130,130,130,130,130,130,130,130,130,130,130,130,130,130,130,
    130,130,130,130,130,130,130,130,130,130,130,130,129,129,129,129,
    129,129,129,129,129,130,130,129,129,129,129,129,129,129,129,129,
    129,129,129,129,129,129,129,129,129,129,129,129,129,129,129,129,
    129,129,129,129,129,129,129,129,129,129,129,129,129,129,129,129,
    129,129,129,129,129,129,129,129,129,129,129,129,129,129,129,129,
    129,129,129,129,129,129,129,129,129 
};